-5.038879104589168989e+00 -2.673856812724234810e+00 -2.253121293226382438e+00 -2.026472102071994019e+00 -1.892906677750785249e+00 -1.834016608473021837e+00 -1.845070718409239419e+00 -1.839365537565467612e+00 -1.843607107316324267e+00 -1.935718391981219089e+00 -1.786872608560257092e+00 -1.566544105555737199e+00 -1.460881614697146613e+00 -1.402746493175893505e+00 -1.387220239085992013e+00 -1.413510076844438412e+00 -1.485370043583349675e+00 -1.628318842971151037e+00 -1.922728707860195563e+00 -3.146434060811766464e+00
-2.626883335413154885e+00 -2.618610435482202625e-01 1.588744759496321102e-01 3.855236671040205287e-01 5.190890914252292987e-01 5.779791607029927114e-01 5.669250507667751293e-01 5.726302316105469359e-01 5.683886618596902807e-01 4.762773771947954593e-01 6.251231606157574561e-01 8.454516636202773494e-01 9.511141544788679347e-01 1.009249276000121043e+00 1.024775530090022535e+00 9.984856923315761357e-01 9.266257255926648728e-01 7.836769262048635110e-01 4.892670613158189852e-01 -7.344382916357519164e-01
-2.457539978619192933e+00 -9.251768675425831034e-02 3.282178327435940624e-01 5.548670238979824809e-01 6.884324482191912509e-01 7.473225174969546636e-01 7.362684075607370815e-01 7.419735884045088881e-01 7.377320186536522328e-01 6.456207339887574115e-01 7.944665174097194082e-01 1.014795020414239302e+00 1.120457511272829887e+00 1.178592632794082995e+00 1.194118886883984487e+00 1.167829049125538088e+00 1.095969082386626825e+00 9.530202829988254631e-01 6.586104181097809374e-01 -5.650949348417899643e-01
-2.449275090600299354e+00 -8.425279873536473119e-02 3.364827207624876415e-01 5.631319119168760601e-01 6.966973362380848300e-01 7.555874055158482427e-01 7.445332955796306607e-01 7.502384764234024672e-01 7.459969066725458120e-01 6.538856220076509906e-01 8.027314054286129874e-01 1.023059908433132881e+00 1.128722399291723466e+00 1.186857520812976574e+00 1.202383774902878066e+00 1.176093937144431667e+00 1.104233970405520404e+00 9.612851710177190423e-01 6.668753061286745165e-01 -5.568300468228963851e-01
-2.159073686108958334e+00 2.059486057559762884e-01 6.266841252538286611e-01 8.533333164082170796e-01 9.868987407294258496e-01 1.045788810007189262e+00 1.034734700070971680e+00 1.040439880914743487e+00 1.036198311163886832e+00 9.440870264989920102e-01 1.092932809919954007e+00 1.313261312924473900e+00 1.418923803783064486e+00 1.477058925304317594e+00 1.492585179394219086e+00 1.466295341635772687e+00 1.394435374896861424e+00 1.251486575509060062e+00 9.570767106200155361e-01 -2.666286423315553655e-01
-1.640062726194501330e+00 7.249595656704332924e-01 1.145695085168285665e+00 1.372344276322674084e+00 1.505909700643882854e+00 1.564799769921646266e+00 1.553745659985428684e+00 1.559450840829200491e+00 1.555209271078343836e+00 1.463097986413449014e+00 1.611943769834411011e+00 1.832272272838930904e+00 1.937934763697521490e+00 1.996069885218774598e+00 2.011596139308676090e+00 1.985306301550229691e+00 1.913446334811318428e+00 1.770497535423517066e+00 1.476087670534472540e+00 2.523823175829016385e-01
-1.042438988778900733e+00 1.322583303086033890e+00 1.743318822583886263e+00 1.969968013738274681e+00 2.103533438059483451e+00 2.162423507337246864e+00 2.151369397401029282e+00 2.157074578244801089e+00 2.152833008493944433e+00 2.060721723829049612e+00 2.209567507250011609e+00 2.429896010254531724e+00 2.535558501113122087e+00 2.593693622634375195e+00 2.609219876724276688e+00 2.582930038965830288e+00 2.511070072226918803e+00 2.368121272839117886e+00 2.073711407950073138e+00 8.500060549985022362e-01
-4.275598937687796752e-01 1.937462398096154947e+00 2.358197917594007542e+00 2.584847108748395961e+00 2.718412533069604287e+00 2.777302602347368143e+00 2.766248492411150117e+00 2.771953673254921924e+00 2.767712103504065269e+00 2.675600818839170891e+00 2.824446602260132444e+00 3.044775105264652559e+00 3.150437596123243367e+00 3.208572717644496031e+00 3.224098971734397523e+00 3.197809133975951568e+00 3.125949167237040083e+00 2.983000367849238721e+00 2.688590502960193973e+00 1.464885150008623294e+00
1.473573168987956095e-01 2.512379608763730232e+00 2.933115128261582605e+00 3.159764319415971023e+00 3.293329743737179793e+00 3.352219813014943206e+00 3.341165703078725624e+00 3.346870883922497431e+00 3.342629314171640775e+00 3.250518029506745954e+00 3.399363812927707951e+00 3.619692315932227622e+00 3.725354806790818429e+00 3.783489928312071537e+00 3.799016182401973030e+00 3.772726344643526630e+00 3.700866377904615590e+00 3.557917578516813784e+00 3.263507713627769480e+00 2.039802360676198578e+00
7.212459969396691761e-01 3.086268288804603799e+00 3.507003808302456171e+00 3.733652999456844590e+00 3.867218423778053360e+00 3.926108493055816773e+00 3.915054383119599191e+00 3.920759563963370997e+00 3.916517994212514342e+00 3.824406709547619521e+00 3.973252492968581517e+00 4.193580995973101189e+00 4.299243486831691996e+00 4.357378608352945548e+00 4.372904862442846152e+00 4.346615024684400197e+00 4.274755057945489156e+00 4.131806258557687350e+00 3.837396393668643046e+00 2.613691040717072145e+00
1.268806233899111291e+00 3.633828525764045914e+00 4.054564045261898286e+00 4.281213236416286705e+00 4.414778660737495031e+00 4.473668730015258888e+00 4.462614620079040861e+00 4.468319800922813556e+00 4.464078231171956901e+00 4.371966946507061635e+00 4.520812729928023188e+00 4.741141232932543303e+00 4.846803723791134111e+00 4.904938845312386775e+00 4.920465099402289155e+00 4.894175261643842312e+00 4.822315294904931271e+00 4.679366495517129465e+00 4.384956630628085605e+00 3.161251277676514260e+00
1.731501792962455433e+00 4.096524084827390055e+00 4.517259604325242428e+00 4.743908795479630847e+00 4.877474219800840061e+00 4.936364289078603029e+00 4.925310179142385891e+00 4.931015359986156810e+00 4.926773790235300154e+00 4.834662505570405777e+00 4.983508288991368218e+00 5.203836791995887445e+00 5.309499282854478253e+00 5.367634404375731805e+00 5.383160658465632409e+00 5.356870820707186454e+00 5.285010853968275413e+00 5.142062054580473607e+00 4.847652189691428859e+00 3.623946836739858401e+00
2.155383885262279087e+00 4.520406177127213709e+00 4.941141696625066082e+00 5.167790887779454501e+00 5.301356312100663715e+00 5.360246381378426683e+00 5.349192271442209545e+00 5.354897452285980464e+00 5.350655882535123808e+00 5.258544597870229431e+00 5.407390381291191872e+00 5.627718884295711099e+00 5.733381375154301907e+00 5.791516496675555459e+00 5.807042750765456063e+00 5.780752913007010108e+00 5.708892946268099067e+00 5.565944146880297261e+00 5.271534281991252513e+00 4.047828929039681611e+00
2.545848008093035908e+00 4.910870299957970531e+00 5.331605819455822903e+00 5.558255010610211322e+00 5.691820434931420536e+00 5.750710504209183505e+00 5.739656394272966367e+00 5.745361575116737285e+00 5.741120005365880630e+00 5.649008720700986252e+00 5.797854504121948693e+00 6.018183007126467921e+00 6.123845497985058728e+00 6.181980619506312280e+00 6.197506873596212884e+00 6.171217035837766929e+00 6.099357069098855888e+00 5.956408269711054082e+00 5.661998404822009334e+00 4.438293051870438433e+00
2.928905635896152937e+00 5.293927927761087560e+00 5.714663447258939932e+00 5.941312638413328351e+00 6.074878062734537565e+00 6.133768132012300534e+00 6.122714022076083396e+00 6.128419202919854314e+00 6.124177633168997659e+00 6.032066348504103281e+00 6.180912131925065722e+00 6.401240634929584949e+00 6.506903125788175757e+00 6.565038247309429309e+00 6.580564501399329913e+00 6.554274663640883958e+00 6.482414696901972917e+00 6.339465897514171111e+00 6.045056032625126363e+00 4.821350679673555462e+00
3.313086762928588946e+00 5.678109054793523569e+00 6.098844574291375942e+00 6.325493765445764360e+00 6.459059189766973574e+00 6.517949259044736543e+00 6.506895149108519405e+00 6.512600329952290323e+00 6.508358760201433668e+00 6.416247475536539291e+00 6.565093258957501732e+00 6.785421761962020959e+00 6.891084252820611766e+00 6.949219374341865318e+00 6.964745628431765923e+00 6.938455790673319967e+00 6.866595823934408926e+00 6.723647024546607120e+00 6.429237159657562373e+00 5.205531806705991471e+00
3.717679891358288025e+00 6.082702183223222647e+00 6.503437702721075020e+00 6.730086893875463439e+00 6.863652318196672653e+00 6.922542387474435621e+00 6.911488277538218483e+00 6.917193458381989402e+00 6.912951888631132746e+00 6.820840603966238369e+00 6.969686387387200810e+00 7.190014890391720037e+00 7.295677381250310845e+00 7.353812502771564397e+00 7.369338756861465001e+00 7.343048919103019045e+00 7.271188952364108005e+00 7.128240152976306199e+00 6.833830288087261451e+00 5.610124935135690549e+00
4.181418494967343413e+00 6.546440786832278036e+00 6.967176306330130409e+00 7.193825497484518827e+00 7.327390921805728041e+00 7.386280991083491010e+00 7.375226881147273872e+00 7.380932061991044790e+00 7.376690492240188135e+00 7.284579207575293758e+00 7.433424990996256199e+00 7.653753494000775426e+00 7.759415984859366233e+00 7.817551106380619785e+00 7.833077360470520389e+00 7.806787522712074434e+00 7.734927555973163393e+00 7.591978756585361587e+00 7.297568891696316840e+00 6.073863538744745938e+00
4.779454441312002366e+00 7.144476733176936989e+00 7.565212252674789362e+00 7.791861443829177780e+00 7.925426868150386994e+00 7.984316937428149963e+00 7.973262827491932825e+00 7.978968008335703743e+00 7.974726438584847088e+00 7.882615153919952711e+00 8.031460937340915152e+00 8.251789440345435267e+00 8.357451931204025186e+00 8.415587052725278738e+00 8.431113306815179342e+00 8.404823469056733387e+00 8.332963502317822346e+00 8.190014702930021429e+00 7.895604838040975793e+00 6.671899485089404891e+00
5.957976802863348631e+00 8.322999094728283254e+00 8.743734614226134738e+00 8.970383805380524933e+00 9.103949229701733259e+00 9.162839298979495339e+00 9.151785189043279090e+00 9.157490369887050008e+00 9.153248800136193353e+00 9.061137515471298087e+00 9.209983298892261416e+00 9.430311801896781532e+00 9.535974292755371451e+00 9.594109414276625003e+00 9.609635668366525607e+00 9.583345830608079652e+00 9.511485863869168611e+00 9.368537064481367693e+00 9.074127199592322057e+00 7.850421846640751156e+00
