-5.203513611857773391e+00 -2.700614975791966632e+00 -2.324019820467721598e+00 -2.149920741010200143e+00 -2.105285427330460202e+00 -2.118362626885861300e+00 -2.120586510594444363e+00 -2.013874831517260766e+00 -1.896605608679948762e+00 -1.816155308857051232e+00 -1.514409844635825397e+00 -1.246581959707889098e+00 -1.075815368708989306e+00 -9.444547137854510943e-01 -8.455173144112415606e-01 -7.869540802473558028e-01 -7.609528215117236094e-01 -7.870369437072537444e-01 -8.970006453769652222e-01 -1.383161796656698694e+00
-2.778784614632260563e+00 -2.758859785664538045e-01 1.007091767577912300e-01 2.748082562153126851e-01 3.194435698950526259e-01 3.063663703396515281e-01 3.041424866310684649e-01 4.108541657082520615e-01 5.281233885455640653e-01 6.085736883684615961e-01 9.103191525896874303e-01 1.178147037517623730e+00 1.348913628516523522e+00 1.480274283440061733e+00 1.579211682814271267e+00 1.637774916978157025e+00 1.663776175713789218e+00 1.637692053518259083e+00 1.527728351848547605e+00 1.041567200568814133e+00
-2.587565384893325771e+00 -8.466674882751901166e-02 2.919284064967260228e-01 4.660274859542474779e-01 5.106627996339874187e-01 4.975856000785863209e-01 4.953617163700032577e-01 6.020733954471868543e-01 7.193426182844988581e-01 7.997929181073963889e-01 1.101538382328622223e+00 1.369366267256558523e+00 1.540132858255458315e+00 1.671493513178996526e+00 1.770430912553206060e+00 1.828994146717091818e+00 1.854995405452724011e+00 1.828911283257193876e+00 1.718947581587482398e+00 1.232786430307748926e+00
-2.592405983920235357e+00 -8.950734785442859831e-02 2.870878074698164362e-01 4.611868869273378913e-01 5.058222006070778320e-01 4.927450010516767342e-01 4.905211173430936711e-01 5.972327964202772677e-01 7.145020192575892715e-01 7.949523190804868022e-01 1.096697783301712636e+00 1.364525668229648936e+00 1.535292259228548728e+00 1.666652914152086939e+00 1.765590313526296473e+00 1.824153547690182231e+00 1.850154806425814424e+00 1.824070684230284289e+00 1.714106982560572812e+00 1.227945831280839339e+00
-2.362134795068269177e+00 1.407638409975375815e-01 5.173589963217826160e-01 6.914580757793040711e-01 7.360933894590440119e-01 7.230161899036429141e-01 7.207923061950598509e-01 8.275039852722434475e-01 9.447732081095554513e-01 1.025223507932452982e+00 1.326968972153678816e+00 1.594796857081615116e+00 1.765563448080514908e+00 1.896924103004053119e+00 1.995861502378262653e+00 2.054424736542148189e+00 2.080425995277780604e+00 2.054341873082250469e+00 1.944378171412538991e+00 1.458217020132805519e+00
-1.901823113053787928e+00 6.010755230120188308e-01 9.776706783362638653e-01 1.151769757793785320e+00 1.196405071473525261e+00 1.183327871918124163e+00 1.181103988209541100e+00 1.287815667286724697e+00 1.405084890124036701e+00 1.485535189946934231e+00 1.787280654168160066e+00 2.055108539096096365e+00 2.225875130094996379e+00 2.357235785018534369e+00 2.456173184392743902e+00 2.514736418556629438e+00 2.540737677292261854e+00 2.514653555096731719e+00 2.404689853427020019e+00 1.918528702147286769e+00
-1.351899918917421894e+00 1.150998717148384864e+00 1.527593872472629899e+00 1.701692951930151354e+00 1.746328265609891295e+00 1.733251066054490197e+00 1.731027182345907134e+00 1.837738861423090730e+00 1.955008084260402734e+00 2.035458384083300487e+00 2.337203848304525877e+00 2.605031733232462621e+00 2.775798324231362191e+00 2.907158979154900180e+00 3.006096378529109714e+00 3.064659612692995694e+00 3.090660871428627665e+00 3.064576749233097530e+00 2.954613047563386274e+00 2.468451896283652580e+00
-7.727436890848311535e-01 1.730154946980975605e+00 2.106750102305220640e+00 2.280849181762742095e+00 2.325484495442482036e+00 2.312407295887080938e+00 2.310183412178497875e+00 2.416895091255681471e+00 2.534164314092993475e+00 2.614614613915891006e+00 2.916360078137116840e+00 3.184187963065053140e+00 3.354954554063953154e+00 3.486315208987491143e+00 3.585252608361700677e+00 3.643815842525586213e+00 3.669817101261218628e+00 3.643732979065688493e+00 3.533769277395976793e+00 3.047608126116243543e+00
-2.294036023929906243e-01 2.273495033672816135e+00 2.650090188997061169e+00 2.824189268454582624e+00 2.868824582134322565e+00 2.855747382578921467e+00 2.853523498870338404e+00 2.960235177947522001e+00 3.077504400784834004e+00 3.157954700607731535e+00 3.459700164828957369e+00 3.727528049756893669e+00 3.898294640755793239e+00 4.029655295679331672e+00 4.128592695053541206e+00 4.187155929217427186e+00 4.213157187953059157e+00 4.187073065757529022e+00 4.077109364087817767e+00 3.590948212808084072e+00
3.147396013802463699e-01 2.817638237446053129e+00 3.194233392770298163e+00 3.368332472227819618e+00 3.412967785907559559e+00 3.399890586352158461e+00 3.397666702643575398e+00 3.504378381720758995e+00 3.621647604558070999e+00 3.702097904380968529e+00 4.003843368602193920e+00 4.271671253530130663e+00 4.442437844529030677e+00 4.573798499452568223e+00 4.672735898826777756e+00 4.731299132990663736e+00 4.757300391726296596e+00 4.731216269530765572e+00 4.621252567861054317e+00 4.135091416581321511e+00
8.458810330958472790e-01 3.348779669161654038e+00 3.725374824485899072e+00 3.899473903943420527e+00 3.944109217623160468e+00 3.931032018067759370e+00 3.928808134359176307e+00 4.035519813436359904e+00 4.152789036273672352e+00 4.233239336096569438e+00 4.534984800317795717e+00 4.802812685245731572e+00 4.973579276244631586e+00 5.104939931168170020e+00 5.203877330542379553e+00 5.262440564706264645e+00 5.288441823441896616e+00 5.262357701246367370e+00 5.152393999576655226e+00 4.666232848296921532e+00
1.295206872665547682e+00 3.798105508731354440e+00 4.174700664055599475e+00 4.348799743513120930e+00 4.393435057192860427e+00 4.380357857637459773e+00 4.378133973928877154e+00 4.484845653006059862e+00 4.602114875843372310e+00 4.682565175666269397e+00 4.984310639887495675e+00 5.252138524815432419e+00 5.422905115814331545e+00 5.554265770737869978e+00 5.653203170112079512e+00 5.711766404275965492e+00 5.737767663011597463e+00 5.711683540816067328e+00 5.601719839146356072e+00 5.115558687866622378e+00
1.692314117133131735e+00 4.195212753198938493e+00 4.571807908523183528e+00 4.745906987980704983e+00 4.790542301660444480e+00 4.777465102105043826e+00 4.775241218396461207e+00 4.881952897473643915e+00 4.999222120310956363e+00 5.079672420133853450e+00 5.381417884355079728e+00 5.649245769283016472e+00 5.820012360281915598e+00 5.951373015205454031e+00 6.050310414579663565e+00 6.108873648743549545e+00 6.134874907479181516e+00 6.108790785283651381e+00 5.998827083613940125e+00 5.512665932334206431e+00
2.060692046154523727e+00 4.563590682220330486e+00 4.940185837544575520e+00 5.114284917002096975e+00 5.158920230681836472e+00 5.145843031126435818e+00 5.143619147417853199e+00 5.250330826495035907e+00 5.367600049332348355e+00 5.448050349155245442e+00 5.749795813376471720e+00 6.017623698304408464e+00 6.188390289303307590e+00 6.319750944226846023e+00 6.418688343601055557e+00 6.477251577764941537e+00 6.503252836500573508e+00 6.477168714305043373e+00 6.367205012635332118e+00 5.881043861355598423e+00
2.421301396709617304e+00 4.924200032775424063e+00 5.300795188099669097e+00 5.474894267557190553e+00 5.519529581236930937e+00 5.506452381681529396e+00 5.504228497972945888e+00 5.610940177050130373e+00 5.728209399887441933e+00 5.808659699710339908e+00 6.110405163931565298e+00 6.378233048859501153e+00 6.548999639858401167e+00 6.680360294781939601e+00 6.779297694156149134e+00 6.837860928320035114e+00 6.863862187055667086e+00 6.837778064860136951e+00 6.727814363190425695e+00 6.241653211910692001e+00
2.781192536842108876e+00 5.284091172907915634e+00 5.660686328232160669e+00 5.834785407689682124e+00 5.879420721369422509e+00 5.866343521814020967e+00 5.864119638105437460e+00 5.970831317182621945e+00 6.088100540019933504e+00 6.168550839842831479e+00 6.470296304064056869e+00 6.738124188991992725e+00 6.908890779990892739e+00 7.040251434914431172e+00 7.139188834288640706e+00 7.197752068452526686e+00 7.223753327188158657e+00 7.197669204992628522e+00 7.087705503322917266e+00 6.601544352043183572e+00
3.141694746059420229e+00 5.644593382125226988e+00 6.021188537449472022e+00 6.195287616906993478e+00 6.239922930586732974e+00 6.226845731031332321e+00 6.224621847322749701e+00 6.331333526399932410e+00 6.448602749237244858e+00 6.529053049060141944e+00 6.830798513281368223e+00 7.098626398209304966e+00 7.269392989208204092e+00 7.400753644131742526e+00 7.499691043505952059e+00 7.558254277669838039e+00 7.584255536405470011e+00 7.558171414209939876e+00 7.448207712540228620e+00 6.962046561260494926e+00
3.549763790653752249e+00 6.052662426719559008e+00 6.429257582043804042e+00 6.603356661501325497e+00 6.647991975181065882e+00 6.634914775625664340e+00 6.632690891917080833e+00 6.739402570994265318e+00 6.856671793831576878e+00 6.937122093654474853e+00 7.238867557875700243e+00 7.506695442803636098e+00 7.677462033802536112e+00 7.808822688726074546e+00 7.907760088100284079e+00 7.966323322264170059e+00 7.992324580999802031e+00 7.966240458804271896e+00 7.856276757134560640e+00 7.370115605854826946e+00
4.096011621393412128e+00 6.598910257459218442e+00 6.975505412783463477e+00 7.149604492240984932e+00 7.194239805920725317e+00 7.181162606365323775e+00 7.178938722656740268e+00 7.285650401733924753e+00 7.402919624571236312e+00 7.483369924394134287e+00 7.785115388615359677e+00 8.052943273543295533e+00 8.223709864542195547e+00 8.355070519465733980e+00 8.454007918839943514e+00 8.512571153003829494e+00 8.538572411739462353e+00 8.512488289543931330e+00 8.402524587874220074e+00 7.916363436594486380e+00
5.136766635336325493e+00 7.639665271402131808e+00 8.016260426726375954e+00 8.190359506183899185e+00 8.234994819863638682e+00 8.221917620308236252e+00 8.219693736599653633e+00 8.326405415676838118e+00 8.443674638514149677e+00 8.524124938337047652e+00 8.825870402558273042e+00 9.093698287486208898e+00 9.264464878485108912e+00 9.395825533408647345e+00 9.494762932782856879e+00 9.553326166946742859e+00 9.579327425682375718e+00 9.553243303486844695e+00 9.443279601817133440e+00 8.957118450537400633e+00
