-5.292694316246092434e+00 -2.867965319020579607e+00 -2.676746089281644814e+00 -2.681586688308554400e+00 -2.451315499456588221e+00 -1.991003817442106971e+00 -1.441080623305740938e+00 -8.619243934731501966e-01 -3.185843067813096674e-01 2.255588969919273268e-01 7.567003287075282358e-01 1.206026168277228638e+00 1.603133412744812691e+00 1.971511341766204684e+00 2.332120692321298261e+00 2.692011832453789832e+00 3.052514041671101186e+00 3.460583086265433206e+00 4.006830917005093085e+00 5.047585930948006450e+00
-2.805584867013422912e+00 -3.808558697879100841e-01 -1.896366400489752913e-01 -1.944772390758848779e-01 3.579394977608130191e-02 4.961056317905625512e-01 1.046028825926928585e+00 1.625185055759519326e+00 2.168525142451359855e+00 2.712668346224596849e+00 3.243809777940197758e+00 3.693135617509898161e+00 4.090242861977482214e+00 4.458620790998874206e+00 4.819230141553967783e+00 5.179121281686459355e+00 5.539623490903770708e+00 5.947692535498102728e+00 6.493940366237762163e+00 7.534695380180675528e+00
-2.500081467447458294e+00 -7.535247022194546673e-02 1.158667595169893261e-01 1.110261604900797394e-01 3.412973493420459192e-01 8.016090313565271686e-01 1.351532225492893202e+00 1.930688455325483943e+00 2.474028542017324472e+00 3.018171745790561467e+00 3.549313177506162376e+00 3.998639017075862778e+00 4.395746261543447275e+00 4.764124190564839267e+00 5.124733541119931957e+00 5.484624681252423528e+00 5.845126890469735770e+00 6.253195935064066902e+00 6.799443765803726336e+00 7.840198779746639701e+00
-2.444528424761671648e+00 -1.979942753615882012e-02 1.714198022027759727e-01 1.665792031758663860e-01 3.968503920278325658e-01 8.571620740423138152e-01 1.407085268178679849e+00 1.986241498011270590e+00 2.529581584703111119e+00 3.073724788476348113e+00 3.604866220191949022e+00 4.054192059761649425e+00 4.451299304229233478e+00 4.819677233250625470e+00 5.180286583805719047e+00 5.540177723938210619e+00 5.900679933155521972e+00 6.308748977749853992e+00 6.854996808489513427e+00 7.895751822432426792e+00
-2.449628445549030253e+00 -2.489944832351742576e-02 1.663197814154173670e-01 1.614791823885077804e-01 3.917503712404739602e-01 8.520620532549552095e-01 1.401985247391321243e+00 1.981141477223911984e+00 2.524481563915752513e+00 3.068624767688989508e+00 3.599766199404590417e+00 4.049092038974290375e+00 4.446199283441874428e+00 4.814577212463266420e+00 5.175186563018360886e+00 5.535077703150852457e+00 5.895579912368162923e+00 6.303648956962495831e+00 6.849896787702155265e+00 7.890651801645068630e+00
-2.326444754991229935e+00 9.828424223428289253e-02 2.895034719732176853e-01 2.846628729463080987e-01 5.149340617982742785e-01 9.752457438127555278e-01 1.525168937949121561e+00 2.104325167781712302e+00 2.647665254473552832e+00 3.191808458246789826e+00 3.722949889962390735e+00 4.172275729532090693e+00 4.569382973999674746e+00 4.937760903021066738e+00 5.298370253576161204e+00 5.658261393708652776e+00 6.018763602925963241e+00 6.426832647520296149e+00 6.973080478259955584e+00 8.013835492202868949e+00
-2.085864179451704548e+00 3.388648177738082801e-01 5.300840475127430729e-01 5.252434484858334862e-01 7.555146373377996660e-01 1.215826319352280915e+00 1.765749513488646949e+00 2.344905743321237690e+00 2.888245830013078219e+00 3.432389033786315213e+00 3.963530465501916122e+00 4.412856305071616525e+00 4.809963549539200578e+00 5.178341478560592570e+00 5.538950829115686147e+00 5.898841969248177719e+00 6.259344178465489072e+00 6.667413223059821092e+00 7.213661053799480527e+00 8.254416067742393892e+00
-1.749771992977590784e+00 6.749570042479220433e-01 8.661762339868568361e-01 8.613356349599472495e-01 1.091606823811913429e+00 1.551918505826394679e+00 2.101841699962760934e+00 2.680997929795351453e+00 3.224338016487191982e+00 3.768481220260428977e+00 4.299622651976029886e+00 4.748948491545730732e+00 5.146055736013314785e+00 5.514433665034706777e+00 5.875043015589799467e+00 6.234934155722291038e+00 6.595436364939603280e+00 7.003505409533934412e+00 7.549753240273593846e+00 8.590508254216507211e+00
-1.423824829680786941e+00 1.000904167544725887e+00 1.192123397283660680e+00 1.187282798256751093e+00 1.417553987108717273e+00 1.877865669123198522e+00 2.427788863259564778e+00 3.006945093092155297e+00 3.550285179783995826e+00 4.094428383557232820e+00 4.625569815272833729e+00 5.074895654842533688e+00 5.472002899310117741e+00 5.840380828331509733e+00 6.200990178886604198e+00 6.560881319019095770e+00 6.921383528236406235e+00 7.329452572830739143e+00 7.875700403570398578e+00 8.916455417513311943e+00
-1.091920681432538398e+00 1.332808315792974430e+00 1.524027545531909222e+00 1.519186946504999636e+00 1.749458135356965816e+00 2.209769817371447065e+00 2.759693011507812876e+00 3.338849241340403839e+00 3.882189328032244369e+00 4.426332531805481807e+00 4.957473963521081828e+00 5.406799803090782675e+00 5.803907047558366727e+00 6.172284976579758720e+00 6.532894327134852297e+00 6.892785467267343869e+00 7.253287676484655222e+00 7.661356721078987242e+00 8.207604551818647565e+00 9.248359565761560930e+00
-6.576199892231588962e-01 1.767109008002353931e+00 1.958328237741288724e+00 1.953487638714379138e+00 2.183758827566345317e+00 2.644070509580826567e+00 3.193993703717192822e+00 3.773149933549783341e+00 4.316490020241623427e+00 4.860633224014860865e+00 5.391774655730461774e+00 5.841100495300162621e+00 6.238207739767746673e+00 6.606585668789138666e+00 6.967195019344231355e+00 7.327086159476722926e+00 7.687588368694035168e+00 8.095657413288366300e+00 8.641905244028025734e+00 9.682660257970939099e+00
-3.150369072297247719e-01 2.109692089995788056e+00 2.300911319734722849e+00 2.296070720707813262e+00 2.526341909559779442e+00 2.986653591574260691e+00 3.536576785710626503e+00 4.115733015543217022e+00 4.659073102235057995e+00 5.203216306008295433e+00 5.734357737723895454e+00 6.183683577293596301e+00 6.580790821761180354e+00 6.949168750782572346e+00 7.309778101337665923e+00 7.669669241470157495e+00 8.030171450687468848e+00 8.438240495281799980e+00 8.984488326021459415e+00 1.002524333996437278e+01
-3.563251813182022332e-02 2.389096479093692604e+00 2.580315708832627397e+00 2.575475109805717810e+00 2.805746298657683990e+00 3.266057980672165240e+00 3.815981174808531051e+00 4.395137404641122458e+00 4.938477491332962543e+00 5.482620695106199094e+00 6.013762126821800891e+00 6.463087966391500849e+00 6.860195210859084902e+00 7.228573139880476894e+00 7.589182490435570472e+00 7.949073630568062043e+00 8.309575839785374285e+00 8.717644884379705417e+00 9.263892715119364851e+00 1.030464772906227822e+01
2.033774657025313459e-01 2.628106462928044174e+00 2.819325692666978966e+00 2.814485093640069380e+00 3.044756282492035560e+00 3.505067964506516809e+00 4.054991158642883065e+00 4.634147388475473583e+00 5.177487475167314557e+00 5.721630678940551107e+00 6.252772110656152016e+00 6.702097950225851974e+00 7.099205194693436027e+00 7.467583123714828020e+00 7.828192474269922485e+00 8.188083614402414057e+00 8.548585823619724522e+00 8.956654868214057430e+00 9.502902698953716865e+00 1.054365771289663023e+01
4.194984908930288192e-01 2.844227488118541647e+00 3.035446717857476440e+00 3.030606118830566853e+00 3.260877307682533033e+00 3.721188989697014282e+00 4.271112183833380094e+00 4.850268413665970613e+00 5.393608500357811586e+00 5.937751704131049024e+00 6.468893135846649045e+00 6.918218975416349892e+00 7.315326219883933945e+00 7.683704148905325937e+00 8.044313499460418626e+00 8.404204639592911974e+00 8.764706848810222439e+00 9.172775893404555347e+00 9.719023724144214782e+00 1.075977873808712815e+01
6.172955538581557100e-01 3.042024551083668538e+00 3.233243780822603330e+00 3.228403181795693744e+00 3.458674370647659924e+00 3.918986052662141173e+00 4.468909246798506985e+00 5.048065476631098392e+00 5.591405563322938477e+00 6.135548767096175027e+00 6.666690198811776824e+00 7.116016038381476783e+00 7.513123282849060836e+00 7.881501211870452828e+00 8.242110562425546405e+00 8.602001702558037977e+00 8.962503911775350218e+00 9.370572956369681350e+00 9.916820787109340785e+00 1.095757580105225415e+01
7.992163140635359930e-01 3.223945311289048821e+00 3.415164541027983613e+00 3.410323942001074027e+00 3.640595130853040207e+00 4.100906812867521012e+00 4.650830007003887268e+00 5.229986236836477786e+00 5.773326323528318760e+00 6.317469527301556198e+00 6.848610959017156219e+00 7.297936798586857066e+00 7.695044043054441119e+00 8.063421972075833111e+00 8.424031322630927576e+00 8.783922462763417371e+00 9.144424671980729613e+00 9.552493716575060745e+00 1.009874154731472018e+01 1.113949656125763354e+01
9.834233715973854650e-01 3.408152368822898293e+00 3.599371598561833085e+00 3.594530999534923499e+00 3.824802188386889679e+00 4.285113870401371372e+00 4.835037064537736740e+00 5.414193294370328147e+00 5.957533381062168232e+00 6.501676584835404782e+00 7.032818016551006579e+00 7.482143856120706538e+00 7.879251100588290591e+00 8.247629029609683471e+00 8.608238380164776160e+00 8.968129520297267732e+00 9.328631729514579973e+00 9.736700774108911105e+00 1.028294860484857054e+01 1.132370361879148390e+01
1.164856205121111099e+00 3.589585202346623927e+00 3.780804432085558719e+00 3.775963833058649133e+00 4.006235021910615757e+00 4.466546703925097006e+00 5.016469898061462374e+00 5.595626127894053781e+00 6.138966214585893866e+00 6.683109418359130416e+00 7.214250850074732213e+00 7.663576689644432172e+00 8.060683934112017113e+00 8.429061863133409105e+00 8.789671213688501794e+00 9.149562353820993366e+00 9.510064563038305607e+00 9.918133607632636739e+00 1.046438143837229617e+01 1.150513645231520954e+01
1.487016446437575024e+00 3.911745443663087851e+00 4.102964673402022200e+00 4.098124074375112613e+00 4.328395263227079681e+00 4.788706945241560931e+00 5.338630139377926298e+00 5.917786369210517705e+00 6.461126455902357790e+00 7.005269659675594340e+00 7.536411091391196138e+00 7.985736930960896096e+00 8.382844175428481037e+00 8.751222104449873029e+00 9.111831455004965719e+00 9.471722595137457290e+00 9.832224804354769532e+00 1.024029384894910066e+01 1.078654167968876010e+01 1.182729669363167346e+01
