-5.290257277592568919e+00 -2.821927455799793094e+00 -2.551106092746833642e+00 -2.535972874378056297e+00 -2.493580291489255973e+00 -2.264652289802826957e+00 -1.917084012004621307e+00 -1.495212610642744799e+00 -1.092438177730268078e+00 -6.805321066257501439e-01 -2.090538208091983208e-01 1.644897948380492636e-01 4.826234110817448908e-01 7.702083278480134076e-01 1.029354111646691106e+00 1.283022610362248184e+00 1.531743513508285748e+00 1.794032974568446459e+00 2.089091972988340817e+00 2.666768123273359326e+00
-2.832424460492494855e+00 -3.640946386997190309e-01 -9.327327564675957916e-02 -7.814005727798223333e-02 -3.574747438918191023e-02 1.931805272972471066e-01 5.407488050954527559e-01 9.626202064573292638e-01 1.365394639369805985e+00 1.777300710474323919e+00 2.248778996290875742e+00 2.622322611938123327e+00 2.940456228181818954e+00 3.228041144948087471e+00 3.487186928746765169e+00 3.740855427462322247e+00 3.989576330608359811e+00 4.251865791668520522e+00 4.546924790088414881e+00 5.124600940373433389e+00
-2.579533228073372264e+00 -1.112034062805964396e-01 1.596179567723630122e-01 1.747511751411403580e-01 2.171437580299406811e-01 4.460717597163696979e-01 7.936400375145753472e-01 1.215511438876451855e+00 1.618285871788928576e+00 2.030191942893446289e+00 2.501670228709998334e+00 2.875213844357245918e+00 3.193347460600941545e+00 3.480932377367210062e+00 3.740078161165887760e+00 3.993746659881444838e+00 4.242467563027481958e+00 4.504757024087643558e+00 4.799816022507537028e+00 5.377492172792555536e+00
-2.578928834440904261e+00 -1.105990126481284364e-01 1.602223504048310154e-01 1.753555687736083613e-01 2.177481516624086844e-01 4.466761533488377012e-01 7.942444311470433504e-01 1.216115832508919858e+00 1.618890265421396579e+00 2.030796336525914292e+00 2.502274622342466337e+00 2.875818237989713921e+00 3.193951854233409549e+00 3.481536770999678065e+00 3.740682554798355763e+00 3.994351053513912841e+00 4.243071956659949961e+00 4.505361417720111561e+00 4.800420416140005031e+00 5.378096566425023539e+00
-2.499511921968742278e+00 -3.118210017596645400e-02 2.396392628769929978e-01 2.547724812457703436e-01 2.971650641345706667e-01 5.260930658209996835e-01 8.736613436192053328e-01 1.295532744981081841e+00 1.698307177893558562e+00 2.110213248998076274e+00 2.581691534814628319e+00 2.955235150461875904e+00 3.273368766705571531e+00 3.560953683471840048e+00 3.820099467270517746e+00 4.073767965986075268e+00 4.322488869132111944e+00 4.584778330192273543e+00 4.879837328612167013e+00 5.457513478897185522e+00
-2.213647971032977502e+00 2.546818507597983228e-01 5.255032138127577745e-01 5.406364321815351204e-01 5.830290150703354435e-01 8.119570167567644603e-01 1.159525294554970110e+00 1.581396695916846618e+00 1.984171128829323338e+00 2.396077199933841051e+00 2.867555485750393096e+00 3.241099101397640680e+00 3.559232717641336308e+00 3.846817634407604825e+00 4.105963418206282967e+00 4.359631916921840045e+00 4.608352820067876721e+00 4.870642281128038320e+00 5.165701279547931790e+00 5.743377429832950298e+00
-1.812539507264784078e+00 6.557903145279917467e-01 9.266116775809511985e-01 9.417448959497285443e-01 9.841374788385288674e-01 1.213065480524957884e+00 1.560633758323163534e+00 1.982505159685040041e+00 2.385279592597516540e+00 2.797185663702034475e+00 3.268663949518586520e+00 3.642207565165834104e+00 3.960341181409529732e+00 4.247926098175797804e+00 4.507071881974475502e+00 4.760740380690032580e+00 5.009461283836071033e+00 5.271750744896230856e+00 5.566809743316126102e+00 6.144485893601144610e+00
-1.351413360920128870e+00 1.116916460872646955e+00 1.387737823925606406e+00 1.402871042294383752e+00 1.445263625183184075e+00 1.674191626869613092e+00 2.021759904667818741e+00 2.443631306029695249e+00 2.846405738942172192e+00 3.258311810046690127e+00 3.729790095863241728e+00 4.103333711510488868e+00 4.421467327754184495e+00 4.709052244520453456e+00 4.968198028319131154e+00 5.221866527034688232e+00 5.470587430180725796e+00 5.732876891240886508e+00 6.027935889660780866e+00 6.605612039945799374e+00
-9.130860946335221939e-01 1.555243727159253631e+00 1.826065090212213082e+00 1.841198308580990428e+00 1.883590891469790751e+00 2.112518893156219768e+00 2.460087170954425417e+00 2.881958572316301925e+00 3.284733005228778424e+00 3.696639076333296359e+00 4.168117362149848404e+00 4.541660977797095988e+00 4.859794594040791615e+00 5.147379510807059688e+00 5.406525294605737386e+00 5.660193793321294464e+00 5.908914696467332917e+00 6.171204157527492740e+00 6.466263155947387986e+00 7.043939306232406494e+00
-4.651592577522323246e-01 2.003170564040543500e+00 2.273991927093502952e+00 2.289125145462280297e+00 2.331517728351080621e+00 2.560445730037509637e+00 2.908014007835715287e+00 3.329885409197591795e+00 3.732659842110068737e+00 4.144565913214586672e+00 4.616044199031138717e+00 4.989587814678385413e+00 5.307721430922081041e+00 5.595306347688350002e+00 5.854452131487027700e+00 6.108120630202584778e+00 6.356841533348622342e+00 6.619130994408783053e+00 6.914189992828677411e+00 7.491866143113695919e+00
2.199434910467612525e-02 2.490324170897451950e+00 2.761145533950411401e+00 2.776278752319188747e+00 2.818671335207989070e+00 3.047599336894418087e+00 3.395167614692623737e+00 3.817039016054500244e+00 4.219813448966976743e+00 4.631719520071494678e+00 5.103197805888046723e+00 5.476741421535294307e+00 5.794875037778989935e+00 6.082459954545258896e+00 6.341605738343936594e+00 6.595274237059493672e+00 6.843995140205530348e+00 7.106284601265691947e+00 7.401343599685585417e+00 7.979019749970603925e+00
4.139680952947490944e-01 2.882297917087524919e+00 3.153119280140484371e+00 3.168252498509261716e+00 3.210645081398062040e+00 3.439573083084491056e+00 3.787141360882696706e+00 4.209012762244572770e+00 4.611787195157050157e+00 5.023693266261568091e+00 5.495171552078119248e+00 5.868715167725367721e+00 6.186848783969063348e+00 6.474433700735331421e+00 6.733579484534009119e+00 6.987247983249566197e+00 7.235968886395603761e+00 7.498258347455764472e+00 7.793317345875658830e+00 8.370993496160677338e+00
7.531218134685184751e-01 3.221451635261294300e+00 3.492272998314253751e+00 3.507406216683031097e+00 3.549798799571831420e+00 3.778726801258260437e+00 4.126295079056466086e+00 4.548166480418342594e+00 4.950940913330819093e+00 5.362846984435337028e+00 5.834325270251889073e+00 6.207868885899136657e+00 6.526002502142832284e+00 6.813587418909101245e+00 7.072733202707778943e+00 7.326401701423336021e+00 7.575122604569372697e+00 7.837412065629534297e+00 8.132471064049427767e+00 8.710147214334446275e+00
1.058654063443453364e+00 3.526983885236229188e+00 3.797805248289188640e+00 3.812938466657965986e+00 3.855331049546766309e+00 4.084259051233194882e+00 4.431827329031401419e+00 4.853698730393277927e+00 5.256473163305754426e+00 5.668379234410272360e+00 6.139857520226824406e+00 6.513401135874071102e+00 6.831534752117766729e+00 7.119119668884035690e+00 7.378265452682713388e+00 7.631933951398270466e+00 7.880654854544308030e+00 8.142944315604468741e+00 8.438003314024363988e+00 9.015679464309382496e+00
1.350449297582739128e+00 3.818779119375514952e+00 4.089600482428474848e+00 4.104733700797251750e+00 4.147126283686052517e+00 4.376054285372481090e+00 4.723622563170686739e+00 5.145493964532563247e+00 5.548268397445039746e+00 5.960174468549557680e+00 6.431652754366109725e+00 6.805196370013357310e+00 7.123329986257052937e+00 7.410914903023321898e+00 7.670060686821999596e+00 7.923729185537556674e+00 8.172450088683593350e+00 8.434739549743754949e+00 8.729798548163648420e+00 9.307474698448666928e+00
1.625612475044895699e+00 4.093942296837671080e+00 4.364763659890630976e+00 4.379896878259408766e+00 4.422289461148208645e+00 4.651217462834637217e+00 4.998785740632843755e+00 5.420657141994720263e+00 5.823431574907196762e+00 6.235337646011714696e+00 6.706815931828266741e+00 7.080359547475513438e+00 7.398493163719209065e+00 7.686078080485478026e+00 7.945223864284155724e+00 8.198892362999712802e+00 8.447613266145751254e+00 8.709902727205911077e+00 9.004961725625804547e+00 9.582637875910823055e+00
1.911971691327336575e+00 4.380301513120112844e+00 4.651122876173071852e+00 4.666256094541848753e+00 4.708648677430649521e+00 4.937576679117078982e+00 5.285144956915283743e+00 5.707016358277160251e+00 6.109790791189637638e+00 6.521696862294155572e+00 6.993175148110706729e+00 7.366718763757955202e+00 7.684852380001650829e+00 7.972437296767918902e+00 8.231583080566597488e+00 8.485251579282152790e+00 8.733972482428191242e+00 8.996261943488352841e+00 9.291320941908246311e+00 9.868997092193264820e+00
2.197480234478008665e+00 4.665810056270784045e+00 4.936631419323743941e+00 4.951764637692521731e+00 4.994157220581321610e+00 5.223085222267750183e+00 5.570653500065956720e+00 5.992524901427833228e+00 6.395299334340309727e+00 6.807205405444827662e+00 7.278683691261379707e+00 7.652227306908626403e+00 7.970360923152322030e+00 8.257945839918590991e+00 8.517091623717268689e+00 8.770760122432825767e+00 9.019481025578862443e+00 9.281770486639024043e+00 9.576829485058919289e+00 1.015450563534393780e+01
2.562472815838142903e+00 5.030802637630918284e+00 5.301624000683878180e+00 5.316757219052655969e+00 5.359149801941455848e+00 5.588077803627884421e+00 5.935646081426090959e+00 6.357517482787967467e+00 6.760291915700443965e+00 7.172197986804961900e+00 7.643676272621513945e+00 8.017219888268760641e+00 8.335353504512456269e+00 8.622938421278725230e+00 8.882084205077402927e+00 9.135752703792960006e+00 9.384473606938996681e+00 9.646763067999158281e+00 9.941822066419053527e+00 1.051949821670407204e+01
3.261602068075636129e+00 5.729931889868412398e+00 6.000753252921371406e+00 6.015886471290148307e+00 6.058279054178949075e+00 6.287207055865378535e+00 6.634775333663583297e+00 7.056646735025459805e+00 7.459421167937937192e+00 7.871327239042455126e+00 8.342805524859006283e+00 8.716349140506254756e+00 9.034482756749950383e+00 9.322067673516219344e+00 9.581213457314895265e+00 9.834881956030454120e+00 1.008360285917649080e+01 1.034589232023665062e+01 1.064095131865654587e+01 1.121862746894156437e+01
