-5.164365232403346440e+00 -2.655344175774276394e+00 -2.292953554468475819e+00 -2.142028254475968563e+00 -2.120751695363467970e+00 -2.132067011350025965e+00 -2.093613933466941024e+00 -1.942089374123036283e+00 -1.781866709909378343e+00 -1.645208457098407795e+00 -1.307029850341159261e+00 -1.028860223956769016e+00 -8.307312874533068214e-01 -6.812782139433597450e-01 -5.591688307795505963e-01 -4.686999715081334728e-01 -4.142633399525865734e-01 -3.949178555215109299e-01 -4.548496898303264757e-01 -7.436417119320763991e-01
-2.668129703258281804e+00 -1.591086466292122026e-01 2.032819746765883728e-01 3.542072746690956286e-01 3.754838337815962213e-01 3.641685177950382268e-01 4.026215956781231675e-01 5.541461550220279086e-01 7.143688192356858480e-01 8.510270720466563965e-01 1.189205678803904931e+00 1.467375305188295176e+00 1.665504241691757370e+00 1.814957315201704446e+00 1.937066698365513595e+00 2.027535557636930719e+00 2.081972189192477618e+00 2.101317673623553262e+00 2.041385839314737716e+00 1.752593817212987792e+00
-2.349093161134621521e+00 1.599278954944480802e-01 5.223185168002486556e-01 6.732438167927559114e-01 6.945203759052565040e-01 6.832050599186985096e-01 7.216581378017834503e-01 8.731826971456881914e-01 1.033405361359346131e+00 1.170063614170316679e+00 1.508242220927565214e+00 1.786411847311955459e+00 1.984540783815417653e+00 2.133993857325364729e+00 2.256103240489173878e+00 2.346572099760591001e+00 2.401008731316137901e+00 2.420354215747213544e+00 2.360422381438397998e+00 2.071630359336648297e+00
-2.267621391103782802e+00 2.413996655252867996e-01 6.037902868310873750e-01 7.547155868235946308e-01 7.759921459360952234e-01 7.646768299495372290e-01 8.031299078326221696e-01 9.546544671765269108e-01 1.114877131390184850e+00 1.251535384201155399e+00 1.589713990958403933e+00 1.867883617342794178e+00 2.066012553846256594e+00 2.215465627356203449e+00 2.337575010520012597e+00 2.428043869791429721e+00 2.482480501346976620e+00 2.501825985778052264e+00 2.441894151469236718e+00 2.153102129367487017e+00
-2.282148431908953778e+00 2.268726247201158230e-01 5.892632460259163985e-01 7.401885460184236543e-01 7.614651051309242469e-01 7.501497891443662525e-01 7.886028670274511931e-01 9.401274263713559343e-01 1.100350090585013874e+00 1.237008343395984422e+00 1.575186950153232956e+00 1.853356576537623202e+00 2.051485513041085618e+00 2.200938586551032472e+00 2.323047969714841621e+00 2.413516828986258744e+00 2.467953460541805644e+00 2.487298944972881287e+00 2.427367110664065741e+00 2.138575088562316040e+00
-2.206643257949826964e+00 3.023777986792426375e-01 6.647684199850432130e-01 8.156937199775504688e-01 8.369702790900510614e-01 8.256549631034930670e-01 8.641080409865780076e-01 1.015632600330482749e+00 1.175855264544140688e+00 1.312513517355111237e+00 1.650692124112359771e+00 1.928861750496750016e+00 2.126990687000212432e+00 2.276443760510159287e+00 2.398553143673968435e+00 2.489022002945385559e+00 2.543458634500932458e+00 2.562804118932008102e+00 2.502872284623192556e+00 2.214080262521442855e+00
-2.018614853685845922e+00 4.904062029432236791e-01 8.527968242490242545e-01 1.003722124241531510e+00 1.024998683354032103e+00 1.013683367367474109e+00 1.052136445250559049e+00 1.203661004594463790e+00 1.363883668808121730e+00 1.500541921619092278e+00 1.838720528376340813e+00 2.116890154760731058e+00 2.315019091264193030e+00 2.464472164774140328e+00 2.586581547937949477e+00 2.677050407209366600e+00 2.731487038764913500e+00 2.750832523195989143e+00 2.690900688887173597e+00 2.402108666785423452e+00
-1.726313850755810453e+00 7.827072058732591486e-01 1.145097827179059724e+00 1.296023127171566980e+00 1.317299686284067572e+00 1.305984370297509578e+00 1.344437448180594519e+00 1.495962007524499260e+00 1.656184671738157199e+00 1.792842924549127748e+00 2.131021531306376282e+00 2.409191157690766527e+00 2.607320094194228943e+00 2.756773167704175798e+00 2.878882550867984946e+00 2.969351410139402070e+00 3.023788041694948969e+00 3.043133526126024613e+00 2.983201691817209067e+00 2.694409669715459366e+00
-1.442025616774436081e+00 1.066995439854633521e+00 1.429386061160434096e+00 1.580311361152941352e+00 1.601587920265441944e+00 1.590272604278883950e+00 1.628725682161968891e+00 1.780250241505873632e+00 1.940472905719531571e+00 2.077131158530502120e+00 2.415309765287750654e+00 2.693479391672140899e+00 2.891608328175602871e+00 3.041061401685550170e+00 3.163170784849359318e+00 3.253639644120776442e+00 3.308076275676323341e+00 3.327421760107398985e+00 3.267489925798583439e+00 2.978697903696833293e+00
-1.152327600302351263e+00 1.356693456326718339e+00 1.719084077632518914e+00 1.870009377625026170e+00 1.891285936737526763e+00 1.879970620750968768e+00 1.918423698634053709e+00 2.069948257977958228e+00 2.230170922191616611e+00 2.366829175002586716e+00 2.705007781759835694e+00 2.983177408144225495e+00 3.181306344647687911e+00 3.330759418157635210e+00 3.452868801321444359e+00 3.543337660592861482e+00 3.597774292148407937e+00 3.617119776579484025e+00 3.557187942270668479e+00 3.268395920168918334e+00
-7.382294916596996437e-01 1.770791564969369958e+00 2.133182186275170533e+00 2.284107486267677789e+00 2.305384045380178382e+00 2.294068729393620387e+00 2.332521807276705328e+00 2.484046366620610069e+00 2.644269030834268008e+00 2.780927283645238557e+00 3.119105890402487091e+00 3.397275516786877336e+00 3.595404453290339752e+00 3.744857526800286607e+00 3.866966909964095755e+00 3.957435769235512879e+00 4.011872400791059334e+00 4.031217885222135422e+00 3.971286050913319876e+00 3.682494028811570175e+00
-4.126403034752836874e-01 2.096380753153785914e+00 2.458771374459586490e+00 2.609696674452093745e+00 2.630973233564594338e+00 2.619657917578036344e+00 2.658110995461121284e+00 2.809635554805026025e+00 2.969858219018683965e+00 3.106516471829654513e+00 3.444695078586903048e+00 3.722864704971293293e+00 3.920993641474755265e+00 4.070446714984703007e+00 4.192556098148511268e+00 4.283024957419929279e+00 4.337461588975475735e+00 4.356807073406551822e+00 4.296875239097735388e+00 4.008083216995985687e+00
-1.544642960867186332e-01 2.354556760542350968e+00 2.716947381848151544e+00 2.867872681840658800e+00 2.889149240953159392e+00 2.877833924966601398e+00 2.916287002849686338e+00 3.067811562193591080e+00 3.228034226407249019e+00 3.364692479218219567e+00 3.702871085975468102e+00 3.981040712359858347e+00 4.179169648863320319e+00 4.328622722373268061e+00 4.450732105537076322e+00 4.541200964808494334e+00 4.595637596364040789e+00 4.614983080795116877e+00 4.555051246486300442e+00 4.266259224384550741e+00
6.544895551247353893e-02 2.574470012141543140e+00 2.936860633447343716e+00 3.087785933439850972e+00 3.109062492552351564e+00 3.097747176565793570e+00 3.136200254448878511e+00 3.287724813792783252e+00 3.447947478006441191e+00 3.584605730817411740e+00 3.922784337574660274e+00 4.200953963959050519e+00 4.399082900462512491e+00 4.548535973972459345e+00 4.670645357136269382e+00 4.761114216407685618e+00 4.815550847963232961e+00 4.834896332394308160e+00 4.774964498085493503e+00 4.486172475983742913e+00
2.561805951046047802e-01 2.765201651733674382e+00 3.127592273039474957e+00 3.278517573031982213e+00 3.299794132144482806e+00 3.288478816157924811e+00 3.326931894041009752e+00 3.478456453384914493e+00 3.638679117598572432e+00 3.775337370409542981e+00 4.113515977166791515e+00 4.391685603551181316e+00 4.589814540054644176e+00 4.739267613564591031e+00 4.861376996728400179e+00 4.951845855999817303e+00 5.006282487555363758e+00 5.025627971986439846e+00 4.965696137677624300e+00 4.676904115575874599e+00
4.300659403731521557e-01 2.939086997002221757e+00 3.301477618308022333e+00 3.452402918300529588e+00 3.473679477413030181e+00 3.462364161426472187e+00 3.500817239309557127e+00 3.652341798653461868e+00 3.812564462867119808e+00 3.949222715678090356e+00 4.287401322435338891e+00 4.565570948819729580e+00 4.763699885323191552e+00 4.913152958833138406e+00 5.035262341996947555e+00 5.125731201268364678e+00 5.180167832823912022e+00 5.199513317254987221e+00 5.139581482946171676e+00 4.850789460844421974e+00
5.836389593265147724e-01 3.092660015955584374e+00 3.455050637261384949e+00 3.605975937253892205e+00 3.627252496366392798e+00 3.615937180379834803e+00 3.654390258262919744e+00 3.805914817606824485e+00 3.966137481820482424e+00 4.102795734631452973e+00 4.440974341388701063e+00 4.719143967773091752e+00 4.917272904276553724e+00 5.066725977786500579e+00 5.188835360950310616e+00 5.279304220221726851e+00 5.333740851777274194e+00 5.353086336208349394e+00 5.293154501899534736e+00 5.004362479797784147e+00
7.170707061736845134e-01 3.226091762802754115e+00 3.588482384108554690e+00 3.739407684101061946e+00 3.760684243213562539e+00 3.749368927227004544e+00 3.787822005110089485e+00 3.939346564453994226e+00 4.099569228667652609e+00 4.236227481478622714e+00 4.574406088235871692e+00 4.852575714620261493e+00 5.050704651123723465e+00 5.200157724633671208e+00 5.322267107797479468e+00 5.412735967068897480e+00 5.467172598624443935e+00 5.486518083055520023e+00 5.426586248746703589e+00 5.137794226644953888e+00
8.404571000782024015e-01 3.349478156707272003e+00 3.711868778013072578e+00 3.862794078005579834e+00 3.884070637118080427e+00 3.872755321131522432e+00 3.911208399014607373e+00 4.062732958358512114e+00 4.222955622572170498e+00 4.359613875383140602e+00 4.697792482140389581e+00 4.975962108524779381e+00 5.174091045028241354e+00 5.323544118538189096e+00 5.445653501701997357e+00 5.536122360973415368e+00 5.590558992528961824e+00 5.609904476960037911e+00 5.549972642651221477e+00 5.261180620549471776e+00
1.025244821801596373e+00 3.534265878430665975e+00 3.896656499736466550e+00 4.047581799728973806e+00 4.068858358841474399e+00 4.057543042854916848e+00 4.095996120738001345e+00 4.247520680081906086e+00 4.407743344295564469e+00 4.544401597106534574e+00 4.882580203863783552e+00 5.160749830248173353e+00 5.358878766751635325e+00 5.508331840261583068e+00 5.630441223425391328e+00 5.720910082696809340e+00 5.775346714252355795e+00 5.794692198683431883e+00 5.734760364374615449e+00 5.445968342272865748e+00
