-5.328432906985989703e+00
-2.792873422862424349e+00
-2.275989203654360082e+00
-1.952175433488111622e+00
-1.716146159493824541e+00
-1.531728879621933714e+00
-1.379602017258765301e+00
-1.254200411070071297e+00
-1.143673179692195063e+00
-1.046708749639636338e+00
-9.603959068542149424e-01
-8.831811423756938950e-01
-8.176877768307946326e-01
-7.519731661918314103e-01
-6.928284631082668454e-01
-6.412712603385699595e-01
-5.922315864004623620e-01
-5.463873432668044927e-01
-5.034980424962594014e-01
-4.644499024820714084e-01
-4.262624474858807133e-01
-3.892851377261674628e-01
-3.572006723859768584e-01
-3.255229879681245109e-01
-2.972659995536286459e-01
-2.713921085236066233e-01
-2.438597481067734662e-01
-2.190605605737410144e-01
-1.970853667547078913e-01
-1.743677870410991204e-01
-1.547287983987946092e-01
-1.352881818995150809e-01
-1.154573704293060388e-01
-9.791526846086817670e-02
-8.083008991445694846e-02
-6.639679347953553190e-02
-5.313373307413193913e-02
-3.865132031070750429e-02
-2.325287748199933446e-02
-1.162285879095570351e-02
2.873457761685571654e-03
1.195382985094717299e-02
2.009659049912926321e-02
3.109170987768017369e-02
4.105813350998310796e-02
4.717826397883939649e-02
5.609074870314856298e-02
6.179313759849236476e-02
6.741411837373689764e-02
7.008203583973404704e-02
7.312138207073282103e-02
7.920483656336863021e-02
7.727276971843544118e-02
8.329465619781117880e-02
8.353814292898853466e-02
8.798639762234472528e-02
8.740709163798143777e-02
8.367440542294701800e-02
8.346277165294502254e-02
8.024739528728375149e-02
7.546520046382987346e-02
7.399679884652421435e-02
7.387907527568771116e-02
7.227826247848057051e-02
6.948442084897621385e-02
6.534524645295292089e-02
6.369549880299807398e-02
5.762628798187030554e-02
5.663243454425526124e-02
5.890393637841206953e-02
5.618665086045560031e-02
5.484203988322455814e-02
5.498008224554595813e-02
5.173128502829094089e-02
5.783817423647086287e-02
5.602587892919608237e-02
5.749635328799307388e-02
5.547324629740124635e-02
6.095100840807710085e-02
6.174491577810847787e-02
6.772510401526865564e-02
7.274848641695541573e-02
7.523804634453412632e-02
8.103653468937999094e-02
8.822229166915107612e-02
9.609101791240171053e-02
1.045045857740465323e-01
1.097999851655462322e-01
1.187354890961902498e-01
1.298809208545197436e-01
1.397618090418344394e-01
1.496700661190590864e-01
1.559149018187628855e-01
1.731160577145622881e-01
1.829969848441344027e-01
1.950874957540538190e-01
2.095727196844752172e-01
2.184976933776532348e-01
2.385922706385095182e-01
2.464667686211079456e-01
2.638336100939238094e-01
2.810940434712652092e-01
2.963954797215446746e-01
3.148349534665140226e-01
3.307361859266784165e-01
3.475321054507176655e-01
3.652564216228402216e-01
3.855330774202592181e-01
4.020070939368736163e-01
4.213465532972282546e-01
4.385256342346561809e-01
4.529970641535179254e-01
4.771458744644156980e-01
4.973962034543308874e-01
5.172998698748401125e-01
5.351593007814443581e-01
5.501394968140758124e-01
5.713591386216805290e-01
5.937532294999030569e-01
6.087962282526842017e-01
6.320596070986326254e-01
6.504402436603058391e-01
6.699620451059082882e-01
6.951972805796629018e-01
7.146296179474251886e-01
7.331694949096370095e-01
7.526197995198842250e-01
7.748258924255093660e-01
7.947636029795397405e-01
8.224847130560171138e-01
8.399842258870844347e-01
8.597150803998054869e-01
8.876708816369696109e-01
9.149383134709996312e-01
9.381206126608088169e-01
9.608837165375714306e-01
9.876220496824323902e-01
1.010960450151090484e+00
1.032000917369607862e+00
1.057762134544340427e+00
1.079735580098480696e+00
1.109196100127755713e+00
1.126550964024259471e+00
1.152646177160596253e+00
1.174759261247979580e+00
1.194991039190822946e+00
1.220183490373917934e+00
1.242020871963466888e+00
1.257870657223795874e+00
1.290295933364047798e+00
1.311884720187057596e+00
1.334051118076471809e+00
1.354041456605289184e+00
1.381856224235281871e+00
1.398755681871188372e+00
1.418652277228016345e+00
1.449146127850079679e+00
1.461673294448857519e+00
1.486488983750106740e+00
1.507398906888667511e+00
1.525991772243902034e+00
1.549283989614353985e+00
1.575165318492004474e+00
1.591453931336907601e+00
1.615415744120637598e+00
1.636124177696606452e+00
1.660955793442846939e+00
1.683687433066873851e+00
1.702913775626273107e+00
1.718970080308952930e+00
1.744326415993423751e+00
1.773998139649412664e+00
1.786254648593610384e+00
1.811880547224276938e+00
1.833198320632069667e+00
1.855338450870926081e+00
1.871547542656976759e+00
1.899576332572589621e+00
1.925153728398656838e+00
1.949227645867631864e+00
1.961343296447951801e+00
1.987754888623253891e+00
2.007252361611742586e+00
2.033005893240119377e+00
2.045259140557163846e+00
2.074143600586538128e+00
2.097676119009198814e+00
2.122354609860401808e+00
2.149875450963191881e+00
2.167960964289786574e+00
2.190137748334590739e+00
2.212354458933019075e+00
2.247263921406084108e+00
2.271991227909412103e+00
2.290050645103271165e+00
2.307798660046934458e+00
2.343157118759094715e+00
2.363949988745631003e+00
2.394057313860631808e+00
2.436131723829907614e+00
2.449941130992794314e+00
2.482413759622311034e+00
2.509855295151965038e+00
2.528599427733276173e+00
2.555672520681328663e+00
2.571144507838738491e+00
2.599124049885032761e+00
2.620735536775502084e+00
2.643799221300687563e+00
2.666908257771035906e+00
2.687385200658626516e+00
2.712700999317638306e+00
2.722230264676044342e+00
2.745004684095976089e+00
2.769117420850660594e+00
2.791562253331226984e+00
2.805751236725905429e+00
2.836747582124475642e+00
2.847634159317490088e+00
2.861574410536363189e+00
2.884167046988665106e+00
2.900373610076533382e+00
2.923523246112200269e+00
2.946916712881655798e+00
2.968168988541314945e+00
2.972172009144978588e+00
3.000008068416780915e+00
3.011482323645257253e+00
3.052909511100516227e+00
3.055114334335899073e+00
3.069479285220763742e+00
3.097838829825366957e+00
3.102160025172240765e+00
3.114035444457263324e+00
3.133615980917378252e+00
3.160984346452423210e+00
3.173902459225470096e+00
3.195549999564704535e+00
3.208661502461229276e+00
3.227782034339197637e+00
3.230880931995633532e+00
3.254986711880560435e+00
3.285728131856041401e+00
3.304433713229848024e+00
3.320982381139577555e+00
3.332940781156173315e+00
3.341646277035630774e+00
3.342928473538179901e+00
3.374750211647308262e+00
3.390613588122510791e+00
3.409068276042724221e+00
3.419524298355039349e+00
3.431821551205965548e+00
3.457894725340700859e+00
3.479375162726180193e+00
3.482667774660219706e+00
3.495683900768103314e+00
3.514948556205169439e+00
3.545899506669803358e+00
3.544513633116810780e+00
3.570231607329333201e+00
3.579271969608788240e+00
3.584159143343534026e+00
3.599258152608902250e+00
3.624440937976698862e+00
3.635907569347830659e+00
3.642708590334549967e+00
3.680382323859991089e+00
3.684409459442484547e+00
3.693905396362275440e+00
3.717004617839785752e+00
3.730479529038033704e+00
3.739190774655307692e+00
3.739078610446789241e+00
3.782165018169932225e+00
3.783923002800831270e+00
3.800720180314691277e+00
3.797980289387485442e+00
3.831365102410691392e+00
3.840881333157003752e+00
3.880136816565824986e+00
3.870753111229928933e+00
3.890522473982144902e+00
3.902468792623334792e+00
3.908828114531626596e+00
3.929372643763260342e+00
3.932497858617532316e+00
3.942894669095233340e+00
3.975175820433415552e+00
4.005015872277311928e+00
3.996564707304727904e+00
3.997580893789793421e+00
4.018421096217966948e+00
4.048835966991335411e+00
4.052665335230612342e+00
4.073287819696490786e+00
4.077526777295942040e+00
4.115527341490007984e+00
4.111450030125039845e+00
4.163051760231892828e+00
4.140514163068951703e+00
4.144880248929995403e+00
4.167173352877442838e+00
4.181385030543969705e+00
4.203445397495650937e+00
4.202910208828875227e+00
4.202731876238122055e+00
4.227464610888722163e+00
4.272897230208435815e+00
4.231493920369450379e+00
4.263189340128931804e+00
4.267175299662721244e+00
4.305164363847479692e+00
4.330168166693685095e+00
4.334837751871424061e+00
4.343832088875913655e+00
4.388769315541274807e+00
4.402828160703325722e+00
4.379576305849733231e+00
4.406319327242925965e+00
4.430432872552446000e+00
4.427526218745247988e+00
4.466916627028240327e+00
4.448964476324697159e+00
4.480713174639276986e+00
4.517403538731313617e+00
4.496375573595983610e+00
4.520094013632972363e+00
4.534401115099884194e+00
4.540131789808869556e+00
4.536639643580983261e+00
4.566205915969950624e+00
4.603837740754313401e+00
4.596144374780779529e+00
4.622384166722779852e+00
4.622112906718403025e+00
4.680181129800606854e+00
4.659133708931522122e+00
4.680181129800606854e+00
4.690582841614023835e+00
4.728770106966040387e+00
4.688841692015706997e+00
4.722753241641809652e+00
4.738473033302511794e+00
4.768159814482554992e+00
4.748886603670980477e+00
4.790696873730995620e+00
4.802645990553724431e+00
4.827980459512181355e+00
4.846477707929972567e+00
4.846817208866861293e+00
4.820345567653124164e+00
4.856027575869817703e+00
4.867054565618731843e+00
4.940363241110924619e+00
4.942976645622441545e+00
4.936270212140949631e+00
4.969109547267757776e+00
5.020281671148061342e+00
4.988091329661362039e+00
5.024328621228258740e+00
5.003064028599937707e+00
5.069536402016416865e+00
5.039446375950375590e+00
5.063192544834932640e+00
5.158207658563392251e+00
5.151738135074256597e+00
5.169865519666813292e+00
5.173624922590718711e+00
5.229288940137613473e+00
5.244839792769891318e+00
5.223333587548927071e+00
5.231281965211878493e+00
5.292998205070436946e+00
5.287179622137581525e+00
5.306349538245301645e+00
5.334151819557253482e+00
5.393947597563287566e+00
5.427970574774907853e+00
5.393360915234930886e+00
5.490608454379482417e+00
5.465080584426138977e+00
5.430402186915280538e+00
5.601948168774933734e+00
5.568552525396097685e+00
5.634256412007591308e+00
5.643251974916169367e+00
5.638744078476979560e+00
5.737959926457787851e+00
5.849964984834282511e+00
5.806479872894543703e+00
5.912037413476660674e+00
6.045709561960378231e+00
6.103663204470465509e+00
6.226680679656461770e+00
6.302347012730199260e+00
6.521133258675453348e+00
6.738856742520323628e+00
7.258732201806232354e+00
8.723807440779236089e+00
