-4.852479360289700949e+00 -2.629607512181571849e+00 -2.209003116193887006e+00 -1.983255628224374512e+00 -1.847879603374284585e+00 -1.775825665603737225e+00 -1.761946126995916462e+00 -1.721839866665325403e+00 -1.727572659033412616e+00 -1.850806671245306845e+00 -1.768408716250579271e+00 -1.573246178806769535e+00 -1.499248648974657927e+00 -1.476818267690957809e+00 -1.484727551659908329e+00 -1.533822219906589623e+00 -1.643603997131074523e+00 -1.829487946597169401e+00 -2.176447211012068284e+00 -3.750852481823407469e+00
-2.404677874319026021e+00 -1.818060262108973646e-01 2.387983697767874780e-01 4.645458577462999727e-01 5.999218825963898993e-01 6.719758203669372598e-01 6.858553589747580226e-01 7.259616193053490818e-01 7.202288269372618679e-01 5.969948147253676396e-01 6.793927697200952132e-01 8.745553071639049492e-01 9.485528369960165573e-01 9.709832182797166755e-01 9.630739343107661554e-01 9.139792660640848609e-01 8.041974888395999610e-01 6.183135393735050833e-01 2.713542749586062008e-01 -1.303050995852732985e+00
-2.172546998622186365e+00 5.032484948594229124e-02 4.709292454736271338e-01 6.966767334431396286e-01 8.320527582932295552e-01 9.041066960637769157e-01 9.179862346715976784e-01 9.580924950021887376e-01 9.523597026341015237e-01 8.291256904222072954e-01 9.115236454169348690e-01 1.106686182860744605e+00 1.180683712692856213e+00 1.203114093976556331e+00 1.195204810007605811e+00 1.146110141760924517e+00 1.036328364536439617e+00 8.504444150703447391e-01 5.034851506554458567e-01 -1.070920120155893329e+00
-2.179980963359637425e+00 4.289088474849123145e-02 4.634952807361760740e-01 6.892427687056885688e-01 8.246187935557784954e-01 8.966727313263258559e-01 9.105522699341466186e-01 9.506585302647376778e-01 9.449257378966504639e-01 8.216917256847562356e-01 9.040896806794838092e-01 1.099252218123293545e+00 1.173249747955405153e+00 1.195680129239105272e+00 1.187770845270154751e+00 1.138676177023473457e+00 1.028894399798988557e+00 8.430104503328936794e-01 4.960511859179947969e-01 -1.078354084893344389e+00
-2.055828328520061810e+00 1.670435195880668466e-01 5.876479155757516892e-01 8.133954035452641840e-01 9.487714283953541106e-01 1.020825366165901471e+00 1.034704904773722234e+00 1.074811165104313293e+00 1.069078372736226079e+00 9.458443605243318508e-01 1.028242315519059424e+00 1.223404852962869160e+00 1.297402382794980769e+00 1.319832764078680887e+00 1.311923480109730367e+00 1.262828811863049072e+00 1.153047034638564172e+00 9.671630851724692945e-01 6.202038207575704121e-01 -9.542014500537687738e-01
-1.713175461274051070e+00 5.096963868340775861e-01 9.303007828217624287e-01 1.156048270791274923e+00 1.291424295641364850e+00 1.363478233411912210e+00 1.377357772019732973e+00 1.417464032350324032e+00 1.411731239982236819e+00 1.288497227770342590e+00 1.370895182765070164e+00 1.566057720208879900e+00 1.640055250040991508e+00 1.662485631324691626e+00 1.654576347355741106e+00 1.605481679109059812e+00 1.495699901884574912e+00 1.309815952418480034e+00 9.628566880035811515e-01 -6.115485828077580344e-01
-1.260274578502481369e+00 9.625972696056472877e-01 1.383201665593332130e+00 1.608949153562844625e+00 1.744325178412934552e+00 1.816379116183481912e+00 1.830258654791302675e+00 1.870364915121893734e+00 1.864632122753806520e+00 1.741398110541912292e+00 1.823796065536639865e+00 2.018958602980449601e+00 2.092956132812560988e+00 2.115386514096261550e+00 2.107477230127310808e+00 2.058382561880629513e+00 1.948600784656144613e+00 1.762716835190049736e+00 1.415757570775150853e+00 -1.586477000361883327e-01
-7.595538565910440187e-01 1.463317991517084637e+00 1.883922387504769480e+00 2.109669875474281753e+00 2.245045900324371679e+00 2.317099838094919484e+00 2.330979376702740247e+00 2.371085637033330862e+00 2.365352844665244092e+00 2.242118832453349420e+00 2.324516787448077437e+00 2.519679324891886729e+00 2.593676854723998559e+00 2.616107236007698678e+00 2.608197952038747935e+00 2.559103283792066641e+00 2.449321506567581963e+00 2.263437557101487307e+00 1.916478292686588203e+00 3.420730218752490170e-01
-2.850360667294500328e-01 1.937835781378678623e+00 2.358440177366363244e+00 2.584187665335876183e+00 2.719563690185966109e+00 2.791617627956513026e+00 2.805497166564333789e+00 2.845603426894925292e+00 2.839870634526837634e+00 2.716636622314943850e+00 2.799034577309670979e+00 2.994197114753481159e+00 3.068194644585592545e+00 3.090625025869292664e+00 3.082715741900342366e+00 3.033621073653661071e+00 2.923839296429175949e+00 2.737955346963080849e+00 2.390996082548181967e+00 8.165908117368430030e-01
1.969845265307239579e-01 2.419856374638852614e+00 2.840460770626537457e+00 3.066208258596049951e+00 3.201584283446139878e+00 3.273638221216687239e+00 3.287517759824508001e+00 3.327624020155099061e+00 3.321891227787011847e+00 3.198657215575117618e+00 3.281055170569845192e+00 3.476217708013654928e+00 3.550215237845766758e+00 3.572645619129466432e+00 3.564736335160516134e+00 3.515641666913834840e+00 3.405859889689350162e+00 3.219975940223255062e+00 2.873016675808356180e+00 1.298611404997016994e+00
6.974071635488794385e-01 2.920279011657008095e+00 3.340883407644692937e+00 3.566630895614205432e+00 3.702006920464295359e+00 3.774060858234842719e+00 3.787940396842663482e+00 3.828046657173254541e+00 3.822313864805167327e+00 3.699079852593273099e+00 3.781477807588000672e+00 3.976640345031810408e+00 4.050637874863921795e+00 4.073068256147622357e+00 4.065158972178672059e+00 4.016064303931990764e+00 3.906282526707505198e+00 3.720398577241410543e+00 3.373439312826511660e+00 1.799034042015172474e+00
1.114653448764042931e+00 3.337525296872171587e+00 3.758129692859856430e+00 3.983877180829368925e+00 4.119253205679458851e+00 4.191307143450005768e+00 4.205186682057826530e+00 4.245292942388418034e+00 4.239560150020331264e+00 4.116326137808436592e+00 4.198724092803164609e+00 4.393886630246973901e+00 4.467884160079085731e+00 4.490314541362785405e+00 4.482405257393835107e+00 4.433310589147153813e+00 4.323528811922669135e+00 4.137644862456573591e+00 3.790685598041675153e+00 2.216280327230335967e+00
1.467306181269818932e+00 3.690178029377947588e+00 4.110782425365632875e+00 4.336529913335144926e+00 4.471905938185234852e+00 4.543959875955781769e+00 4.557839414563602531e+00 4.597945674894194035e+00 4.592212882526107265e+00 4.468978870314212593e+00 4.551376825308940610e+00 4.746539362752749902e+00 4.820536892584861732e+00 4.842967273868561406e+00 4.835057989899611108e+00 4.785963321652929814e+00 4.676181544428445136e+00 4.490297594962349592e+00 4.143338330547450710e+00 2.568933059736111968e+00
1.797137871754383553e+00 4.020009719862512654e+00 4.440614115850197052e+00 4.666361603819709103e+00 4.801737628669799918e+00 4.873791566440346834e+00 4.887671105048167597e+00 4.927777365378759100e+00 4.922044573010671442e+00 4.798810560798777658e+00 4.881208515793504787e+00 5.076371053237314968e+00 5.150368583069425910e+00 5.172798964353126472e+00 5.164889680384176174e+00 5.115795012137494879e+00 5.006013234913009313e+00 4.820129285446914658e+00 4.473170021032015775e+00 2.898764750220676589e+00
2.110457423045024150e+00 4.333329271153152362e+00 4.753933667140837649e+00 4.979681155110350588e+00 5.115057179960439626e+00 5.187111117730987431e+00 5.200990656338808193e+00 5.241096916669398809e+00 5.235364124301312039e+00 5.112130112089417366e+00 5.194528067084145384e+00 5.389690604527954676e+00 5.463688134360066506e+00 5.486118515643767068e+00 5.478209231674815882e+00 5.429114563428134588e+00 5.319332786203649910e+00 5.133448836737555254e+00 4.786489572322656372e+00 3.212084301511317186e+00
2.411612064770922714e+00 4.634483912879051815e+00 5.055088308866736213e+00 5.280835796836248264e+00 5.416211821686339078e+00 5.488265759456885995e+00 5.502145298064706758e+00 5.542251558395298261e+00 5.536518766027210603e+00 5.413284753815316819e+00 5.495682708810043948e+00 5.690845246253854128e+00 5.764842776085965070e+00 5.787273157369665633e+00 5.779363873400715335e+00 5.730269205154034040e+00 5.620487427929548474e+00 5.434603478463453818e+00 5.087644214048554936e+00 3.513238943237215750e+00
2.732700051168785116e+00 4.955571899276913328e+00 5.376176295264598615e+00 5.601923783234111553e+00 5.737299808084200592e+00 5.809353745854748396e+00 5.823233284462569159e+00 5.863339544793159774e+00 5.857606752425073005e+00 5.734372740213178332e+00 5.816770695207906350e+00 6.011933232651715642e+00 6.085930762483827472e+00 6.108361143767528034e+00 6.100451859798576848e+00 6.051357191551895554e+00 5.941575414327410876e+00 5.755691464861316220e+00 5.408732200446417338e+00 3.834326929635078152e+00
3.063996812889207888e+00 5.286868660997336988e+00 5.707473056985021387e+00 5.933220544954533437e+00 6.068596569804624252e+00 6.140650507575171169e+00 6.154530046182991931e+00 6.194636306513583435e+00 6.188903514145495777e+00 6.065669501933601993e+00 6.148067456928329122e+00 6.343229994372139302e+00 6.417227524204250244e+00 6.439657905487950806e+00 6.431748621519000508e+00 6.382653953272319214e+00 6.272872176047833648e+00 6.086988226581738992e+00 5.740028962166840110e+00 4.165623691355500924e+00
3.473289331338591523e+00 5.696161179446720624e+00 6.116765575434405022e+00 6.342513063403917073e+00 6.477889088254007888e+00 6.549943026024554804e+00 6.563822564632375567e+00 6.603928824962967070e+00 6.598196032594879412e+00 6.474962020382985628e+00 6.557359975377712757e+00 6.752522512821522938e+00 6.826520042653633880e+00 6.848950423937334442e+00 6.841041139968384144e+00 6.791946471721702849e+00 6.682164694497217283e+00 6.496280745031122628e+00 6.149321480616223745e+00 4.574916209804884559e+00
4.306303372591264278e+00 6.529175220699393378e+00 6.949779616687077777e+00 7.175527104656589827e+00 7.310903129506680642e+00 7.382957067277227559e+00 7.396836605885048321e+00 7.436942866215639825e+00 7.431210073847552167e+00 7.307976061635658382e+00 7.390374016630385512e+00 7.585536554074195692e+00 7.659534083906306634e+00 7.681964465190007196e+00 7.674055181221056898e+00 7.624960512974375604e+00 7.515178735749890038e+00 7.329294786283795382e+00 6.982335521868896500e+00 5.407930251057557314e+00
