-5.110188898815371417e+00 -2.673691834433139736e+00 -2.462030328473970187e+00 -2.472013022102904856e+00 -2.296436215893151278e+00 -1.894186679543598650e+00 -1.393182702500218806e+00 -8.534016311973742219e-01 -3.424358304307340006e-01 1.691079951583578378e-01 6.879780375039010742e-01 1.119086224456750323e+00 1.491098317545935359e+00 1.848547994886018841e+00 2.184727483896630851e+00 2.501290752854406385e+00 2.845827710034195768e+00 3.222688210119069474e+00 3.704260575706525671e+00 4.646780489789535729e+00
-2.667115248632615288e+00 -2.306181842503840507e-01 -1.895667829121450154e-02 -2.893937192014917059e-02 1.466374342896044070e-01 5.488869706391570347e-01 1.049890947682536879e+00 1.589672018985381463e+00 2.100637819752021684e+00 2.612181645341113523e+00 3.131051687686656759e+00 3.562159874639506008e+00 3.934171967728691044e+00 4.291621645068774527e+00 4.627801134079386536e+00 4.944364403037162070e+00 5.288901360216951453e+00 5.665761860301825159e+00 6.147334225889281356e+00 7.089854139972291414e+00
-2.255061813516101132e+00 1.814352508661301044e-01 3.930967568252996536e-01 3.831140631963649845e-01 5.586908694061185621e-01 9.609404057556711898e-01 1.461944382799051034e+00 2.001725454101895618e+00 2.512691254868535840e+00 3.024235080457627678e+00 3.543105122803170914e+00 3.974213309756020163e+00 4.346225402845204755e+00 4.703675080185288238e+00 5.039854569195901135e+00 5.356417838153676669e+00 5.700954795333466052e+00 6.077815295418339758e+00 6.559387661005795067e+00 7.501907575088806013e+00
-2.042800321045926459e+00 3.936967433363047775e-01 6.053582492954743266e-01 5.953755556665396576e-01 7.709523618762932351e-01 1.173201898225845863e+00 1.674205875269225707e+00 2.213986946572070291e+00 2.724952747338710513e+00 3.236496572927802351e+00 3.755366615273345587e+00 4.186474802226195280e+00 4.558486895315379428e+00 4.915936572655462911e+00 5.252116061666075808e+00 5.568679330623851342e+00 5.913216287803640725e+00 6.290076787888514431e+00 6.771649153475969740e+00 7.714169067558980686e+00
-1.933907209392216497e+00 5.025898549900147394e-01 7.142513609491842885e-01 7.042686673202496195e-01 8.798454735300031970e-01 1.282095009879555825e+00 1.783098986922935669e+00 2.322880058225780253e+00 2.833845858992420474e+00 3.345389684581512313e+00 3.864259726927055549e+00 4.295367913879904798e+00 4.667380006969089834e+00 5.024829684309173317e+00 5.361009173319785326e+00 5.677572442277560860e+00 6.022109399457350243e+00 6.398969899542223949e+00 6.880542265129680146e+00 7.823062179212690204e+00
-1.912778757579537192e+00 5.237183068026940447e-01 7.353798127618635938e-01 7.253971191329289248e-01 9.009739253426825023e-01 1.303223461692235130e+00 1.804227438735614975e+00 2.344008510038459558e+00 2.854974310805099780e+00 3.366518136394191618e+00 3.885388178739734855e+00 4.316496365692584547e+00 4.688508458781768695e+00 5.045958136121852178e+00 5.382137625132465075e+00 5.698700894090240610e+00 6.043237851270029992e+00 6.420098351354903699e+00 6.901670716942359007e+00 7.844190631025369953e+00
-1.946385094066172439e+00 4.901119703160587981e-01 7.017734762752283473e-01 6.917907826462936782e-01 8.673675888560472558e-01 1.269617125205599883e+00 1.770621102248979728e+00 2.310402173551824312e+00 2.821367974318464533e+00 3.332911799907556372e+00 3.851781842253099608e+00 4.282890029205948856e+00 4.654902122295133893e+00 5.012351799635217375e+00 5.348531288645829385e+00 5.665094557603604919e+00 6.009631514783394302e+00 6.386492014868268008e+00 6.868064380455724205e+00 7.810584294538734262e+00
-1.922283216645495507e+00 5.142138477367357297e-01 7.258753536959052788e-01 7.158926600669706097e-01 8.914694662767241873e-01 1.293719002626276815e+00 1.794722979669656659e+00 2.334504050972501243e+00 2.845469851739141465e+00 3.357013677328233303e+00 3.875883719673776540e+00 4.306991906626626232e+00 4.679003999715810380e+00 5.036453677055893863e+00 5.372633166066506760e+00 5.689196435024282295e+00 6.033733392204071677e+00 6.410593892288945383e+00 6.892166257876400692e+00 7.834686171959411638e+00
-1.886647592723971645e+00 5.498494716582595920e-01 7.615109776174291412e-01 7.515282839884944721e-01 9.271050901982480497e-01 1.329354626547800677e+00 1.830358603591180522e+00 2.370139674894025106e+00 2.881105475660665327e+00 3.392649301249757166e+00 3.911519343595300402e+00 4.342627530548149650e+00 4.714639623637334687e+00 5.072089300977418169e+00 5.408268789988030179e+00 5.724832058945805713e+00 6.069369016125595095e+00 6.446229516210468802e+00 6.927801881797924999e+00 7.870321795880935056e+00
-1.927109774043305190e+00 5.093872903389260465e-01 7.210487962980955956e-01 7.110661026691609266e-01 8.866429088789145041e-01 1.288892445228467132e+00 1.789896422271846976e+00 2.329677493574691560e+00 2.840643294341331782e+00 3.352187119930423620e+00 3.871057162275966856e+00 4.302165349228816105e+00 4.674177442318001141e+00 5.031627119658084624e+00 5.367806608668696633e+00 5.684369877626472167e+00 6.028906834806261550e+00 6.405767334891135256e+00 6.887339700478591453e+00 7.829859614561601511e+00
-1.717061720734547325e+00 7.194353436476839114e-01 9.310968496068534606e-01 9.211141559779187915e-01 1.096690962187672369e+00 1.498940498537224997e+00 1.999944475580604841e+00 2.539725546883449425e+00 3.050691347650089646e+00 3.562235173239181485e+00 4.081105215584724277e+00 4.512213402537573970e+00 4.884225495626759006e+00 5.241675172966842489e+00 5.577854661977454498e+00 5.894417930935230032e+00 6.238954888115019415e+00 6.615815388199893121e+00 7.097387753787349318e+00 8.039907667870359376e+00
-1.477742262445897126e+00 9.587548019363341112e-01 1.170416307895503660e+00 1.160433614266568991e+00 1.336010420476322569e+00 1.738259956825875197e+00 2.239263933869255041e+00 2.779045005172099625e+00 3.290010805938739846e+00 3.801554631527831685e+00 4.320424673873374921e+00 4.751532860826223725e+00 5.123544953915409650e+00 5.480994631255493132e+00 5.817174120266104254e+00 6.133737389223879788e+00 6.478274346403669171e+00 6.855134846488542877e+00 7.336707212075999962e+00 8.279227126159009131e+00
-1.350329949372943927e+00 1.086167115009287309e+00 1.297828620968456859e+00 1.287845927339522190e+00 1.463422733549275767e+00 1.865672269898828395e+00 2.366676246942208017e+00 2.906457318245053045e+00 3.417423119011693267e+00 3.928966944600785105e+00 4.447836986946327897e+00 4.878945173899177590e+00 5.250957266988362626e+00 5.608406944328446109e+00 5.944586433339058118e+00 6.261149702296833652e+00 6.605686659476623035e+00 6.982547159561496741e+00 7.464119525148952938e+00 8.406639439231962996e+00
-1.269112969529257784e+00 1.167384094852973453e+00 1.379045600812143002e+00 1.369062907183208333e+00 1.544639713392961911e+00 1.946889249742514538e+00 2.447893226785894605e+00 2.987674298088738745e+00 3.498640098855378966e+00 4.010183924444470804e+00 4.529053966790014485e+00 4.960162153742863289e+00 5.332174246832048325e+00 5.689623924172131808e+00 6.025803413182743817e+00 6.342366682140519352e+00 6.686903639320308734e+00 7.063764139405182441e+00 7.545336504992638638e+00 8.487856419075649583e+00
-1.224683247847801137e+00 1.211813816534430099e+00 1.423475322493599649e+00 1.413492628864664979e+00 1.589069435074418557e+00 1.991318971423971185e+00 2.492322948467351029e+00 3.032104019770195613e+00 3.543069820536835834e+00 4.054613646125927673e+00 4.573483688471471353e+00 5.004591875424320158e+00 5.376603968513505194e+00 5.734053645853588677e+00 6.070233134864200686e+00 6.386796403821976220e+00 6.731333361001765603e+00 7.108193861086639309e+00 7.589766226674095506e+00 8.532286140757104675e+00
-1.222250383025227372e+00 1.214246681357003865e+00 1.425908187316173414e+00 1.415925493687238745e+00 1.591502299896992323e+00 1.993751836246544951e+00 2.494755813289924795e+00 3.034536884592769379e+00 3.545502685359409600e+00 4.057046510948500995e+00 4.575916553294044675e+00 5.007024740246894368e+00 5.379036833336078516e+00 5.736486510676161998e+00 6.072665999686774896e+00 6.389229268644550430e+00 6.733766225824339813e+00 7.110626725909213519e+00 7.592199091496668828e+00 8.534719005579679774e+00
-1.262141655273793184e+00 1.174355409108438053e+00 1.386016915067607602e+00 1.376034221438672933e+00 1.551611027648426511e+00 1.953860563997979138e+00 2.454864541041358983e+00 2.994645612344203567e+00 3.505611413110843788e+00 4.017155238699935182e+00 4.536025281045478863e+00 4.967133467998328555e+00 5.339145561087512704e+00 5.696595238427596186e+00 6.032774727438209084e+00 6.349337996395984618e+00 6.693874953575774001e+00 7.070735453660647707e+00 7.552307819248103016e+00 8.494827733331113961e+00
-1.367797384358911295e+00 1.068699680023319942e+00 1.280361185982489491e+00 1.270378492353554822e+00 1.445955298563308400e+00 1.848204834912861028e+00 2.349208811956240872e+00 2.888989883259085456e+00 3.399955684025725677e+00 3.911499509614817516e+00 4.430369551960360752e+00 4.861477738913210445e+00 5.233489832002394593e+00 5.590939509342478075e+00 5.927118998353090973e+00 6.243682267310866507e+00 6.588219224490655890e+00 6.965079724575529596e+00 7.446652090162984905e+00 8.389172004245995851e+00
-1.597357481711953131e+00 8.391395826702781058e-01 1.050801088629447655e+00 1.040818395000512986e+00 1.216395201210266563e+00 1.618644737559819191e+00 2.119648714603199036e+00 2.659429785906043620e+00 3.170395586672683841e+00 3.681939412261775679e+00 4.200809454607318472e+00 4.631917641560168164e+00 5.003929734649353200e+00 5.361379411989436683e+00 5.697558901000048692e+00 6.014122169957824227e+00 6.358659127137613609e+00 6.735519627222487316e+00 7.217091992809943513e+00 8.159611906892953570e+00
-2.534943119551382296e+00 -9.844605516915105881e-02 1.132154507900184903e-01 1.032327571610838213e-01 2.788095633708373988e-01 6.810590997203900265e-01 1.182063076763769871e+00 1.721844148066614455e+00 2.232809948833254676e+00 2.744353774422346515e+00 3.263223816767889751e+00 3.694332003720738999e+00 4.066344096809924480e+00 4.423793774150007962e+00 4.759973263160619084e+00 5.076536532118394618e+00 5.421073489298184001e+00 5.797933989383057707e+00 6.279506354970514792e+00 7.222026269053523961e+00
