-5.214611214035734577e+00 -2.766809728065059648e+00 -2.534678852368219992e+00 -2.542112817105671052e+00 -2.417960182266095437e+00 -2.075307315020084697e+00 -1.622406432248514996e+00 -1.121685710337077646e+00 -6.471679204754836601e-01 -1.651473272153096694e-01 3.352753098028458112e-01 7.525215950180093039e-01 1.105174327523785305e+00 1.435006018008349926e+00 1.748325569298990523e+00 2.049480211024889087e+00 2.370568197422751489e+00 2.701864959143174261e+00 3.111157477592557896e+00 3.944171518845230651e+00
-2.705590157406664531e+00 -2.577886714359900466e-01 -2.565779573915039080e-02 -3.309176047660145059e-02 9.106087436297416460e-02 4.337137416089849040e-01 8.866146243805546057e-01 1.387335346291991955e+00 1.861853136153585941e+00 2.343873729413759932e+00 2.844296366431915413e+00 3.261542651647078905e+00 3.614195384152854906e+00 3.944027074637419528e+00 4.257346625928059680e+00 4.558501267653959133e+00 4.879589254051820646e+00 5.210886015772244306e+00 5.620178534221627942e+00 6.453192575474300696e+00
-2.343199536100863956e+00 1.046019498698105288e-01 3.367328255666501846e-01 3.292988608291991248e-01 4.534514956687747400e-01 7.961043629147854794e-01 1.249005245686355181e+00 1.749725967597792531e+00 2.224243757459386295e+00 2.706264350719560507e+00 3.206686987737715988e+00 3.623933272952879481e+00 3.976586005458655482e+00 4.306417695943220103e+00 4.619737247233860700e+00 4.920891888959759264e+00 5.241979875357621665e+00 5.573276637078044438e+00 5.982569155527428073e+00 6.815583196780100828e+00
-2.192274236108356700e+00 2.555272498623177846e-01 4.876581255591574404e-01 4.802241608217063806e-01 6.043767956612819958e-01 9.470296629072927352e-01 1.399930545678862437e+00 1.900651267590299787e+00 2.375169057451893551e+00 2.857189650712067763e+00 3.357612287730223244e+00 3.774858572945386737e+00 4.127511305451163182e+00 4.457342995935727359e+00 4.770662547226367955e+00 5.071817188952266520e+00 5.392905175350128921e+00 5.724201937070551693e+00 6.133494455519935329e+00 6.966508496772608083e+00
-2.170997676995856107e+00 2.768038089748183772e-01 5.089346846716580330e-01 5.015007199342069732e-01 6.256533547737825884e-01 9.683062220197933279e-01 1.421207104791363030e+00 1.921927826702800379e+00 2.396445616564394143e+00 2.878466209824568356e+00 3.378888846842723837e+00 3.796135132057887329e+00 4.148787864563663774e+00 4.478619555048227951e+00 4.791939106338868548e+00 5.093093748064767112e+00 5.414181734462629514e+00 5.745478496183052286e+00 6.154771014632435921e+00 6.987785055885108676e+00
-2.182312992982414102e+00 2.654884929882603828e-01 4.976193686851000386e-01 4.901854039476489788e-01 6.143380387872245940e-01 9.569909060332353334e-01 1.409891788804805035e+00 1.910612510716242385e+00 2.385130300577836593e+00 2.867150893838010361e+00 3.367573530856165842e+00 3.784819816071329335e+00 4.137472548577105336e+00 4.467304239061670401e+00 4.780623790352310110e+00 5.081778432078209562e+00 5.402866418476071075e+00 5.734163180196494736e+00 6.143455698645878371e+00 6.976469739898551126e+00
-2.143859915099329161e+00 3.039415708713453235e-01 5.360724465681849793e-01 5.286384818307339195e-01 6.527911166703095347e-01 9.954439839163202741e-01 1.448344866687889976e+00 1.949065588599327326e+00 2.423583378460921089e+00 2.905603971721095302e+00 3.406026608739250783e+00 3.823272893954414275e+00 4.175925626460189832e+00 4.505757316944754898e+00 4.819076868235395494e+00 5.120231509961294059e+00 5.441319496359156460e+00 5.772616258079579232e+00 6.181908776528962868e+00 7.014922817781635622e+00
-1.992335355755424420e+00 4.554661302152500646e-01 6.875970059120897204e-01 6.801630411746386606e-01 8.043156760142142758e-01 1.146968543260225015e+00 1.599869426031794717e+00 2.100590147943232289e+00 2.575107937804825831e+00 3.057128531065000043e+00 3.557551168083155524e+00 3.974797453298319017e+00 4.327450185804094573e+00 4.657281876288659639e+00 4.970601427579300235e+00 5.271756069305198800e+00 5.592844055703061201e+00 5.924140817423483973e+00 6.333433335872867609e+00 7.166447377125540363e+00
-1.832112691541766480e+00 6.156887944289080039e-01 8.478196701257476597e-01 8.403857053882965999e-01 9.645383402278722151e-01 1.307191207473882955e+00 1.760092090245452656e+00 2.260812812156889784e+00 2.735330602018484214e+00 3.217351195278657983e+00 3.717773832296813463e+00 4.135020117511976956e+00 4.487672850017752957e+00 4.817504540502318022e+00 5.130824091792957731e+00 5.431978733518857183e+00 5.753066719916718696e+00 6.084363481637142357e+00 6.493656000086525992e+00 7.326670041339198747e+00
-1.695454438730795932e+00 7.523470472398785525e-01 9.844779229367182083e-01 9.770439581992671485e-01 1.101196593038842764e+00 1.443849460284853503e+00 1.896750343056423205e+00 2.397471064967860777e+00 2.871988854829454318e+00 3.354009448089628531e+00 3.854432085107784012e+00 4.271678370322947060e+00 4.624331102828723061e+00 4.954162793313288127e+00 5.267482344603928723e+00 5.568636986329827288e+00 5.889724972727689689e+00 6.221021734448112461e+00 6.630314252897496097e+00 7.463328294150168851e+00
-1.357275831973547398e+00 1.090525653997127087e+00 1.322656529693966743e+00 1.315222564956515683e+00 1.439375199796091298e+00 1.782028067042102037e+00 2.234928949813671739e+00 2.735649671725108867e+00 3.210167461586703297e+00 3.692188054846877066e+00 4.192610691865032990e+00 4.609856977080196039e+00 4.962509709585972040e+00 5.292341400070537105e+00 5.605660951361176814e+00 5.906815593087076266e+00 6.227903579484937779e+00 6.559200341205361440e+00 6.968492859654745075e+00 7.801506900907417830e+00
-1.079106205589157153e+00 1.368695280381517332e+00 1.600826156078356988e+00 1.593392191340905928e+00 1.717544826180481543e+00 2.060197693426492282e+00 2.513098576198061984e+00 3.013819298109499556e+00 3.488337087971093098e+00 3.970357681231267311e+00 4.470780318249422791e+00 4.888026603464586728e+00 5.240679335970362729e+00 5.570511026454926906e+00 5.883830577745567503e+00 6.184985219471466067e+00 6.506073205869328469e+00 6.837369967589751241e+00 7.246662486039134876e+00 8.079676527291807631e+00
-8.809772690856949584e-01 1.566824216884979526e+00 1.798955092581819182e+00 1.791521127844368122e+00 1.915673762683943737e+00 2.258326629929954699e+00 2.711227512701523956e+00 3.211948234612961528e+00 3.686466024474555514e+00 4.168486617734729727e+00 4.668909254752884763e+00 5.086155539968048700e+00 5.438808272473824701e+00 5.768639962958388878e+00 6.081959514249029475e+00 6.383114155974928039e+00 6.704202142372790441e+00 7.035498904093213213e+00 7.444791422542596848e+00 8.277805463795269603e+00
-7.315241955757478820e-01 1.716277290394926602e+00 1.948408166091766258e+00 1.940974201354315198e+00 2.065126836193890814e+00 2.407779703439901553e+00 2.860680586211471255e+00 3.361401308122908382e+00 3.835919097984502812e+00 4.317939691244676581e+00 4.818362328262832506e+00 5.235608613477995554e+00 5.588261345983771555e+00 5.918093036468336621e+00 6.231412587758976329e+00 6.532567229484875782e+00 6.853655215882737295e+00 7.184951977603160955e+00 7.594244496052544591e+00 8.427258537305217345e+00
-6.094148124119387333e-01 1.838386673558735751e+00 2.070517549255575407e+00 2.063083584518124347e+00 2.187236219357699962e+00 2.529889086603710702e+00 2.982789969375280403e+00 3.483510691286717531e+00 3.958028481148311961e+00 4.440049074408485730e+00 4.940471711426640766e+00 5.357717996641804703e+00 5.710370729147580704e+00 6.040202419632144881e+00 6.353521970922786366e+00 6.654676612648684042e+00 6.975764599046547332e+00 7.307061360766969216e+00 7.716353879216352851e+00 8.549367920469025606e+00
-5.189459531405216097e-01 1.928855532830152875e+00 2.160986408526992530e+00 2.153552443789541471e+00 2.277705078629117086e+00 2.620357945875127825e+00 3.073258828646697527e+00 3.573979550558134655e+00 4.048497340419729085e+00 4.530517933679902853e+00 5.030940570698058778e+00 5.448186855913221827e+00 5.800839588418997828e+00 6.130671278903562893e+00 6.443990830194202601e+00 6.745145471920102054e+00 7.066233458317963567e+00 7.397530220038387228e+00 7.806822738487770863e+00 8.639836779740443617e+00
-4.645093215849747104e-01 1.983292164385699774e+00 2.215423040082539430e+00 2.207989075345088370e+00 2.332141710184663985e+00 2.674794577430674725e+00 3.127695460202244426e+00 3.628416182113681998e+00 4.102933971975275540e+00 4.584954565235449309e+00 5.085377202253605233e+00 5.502623487468769170e+00 5.855276219974545171e+00 6.185107910459109348e+00 6.498427461749749945e+00 6.799582103475648509e+00 7.120670089873510911e+00 7.451966851593933683e+00 7.861259370043317318e+00 8.694273411295990073e+00
-4.451638371538990668e-01 2.002637648816775418e+00 2.234768524513615073e+00 2.227334559776164014e+00 2.351487194615739629e+00 2.694140061861750368e+00 3.147040944633320070e+00 3.647761666544757198e+00 4.122279456406351628e+00 4.604300049666525396e+00 5.104722686684681321e+00 5.521968971899844369e+00 5.874621704405620370e+00 6.204453394890185436e+00 6.517772946180825144e+00 6.818927587906724597e+00 7.140015574304586110e+00 7.471312336025009770e+00 7.880604854474393406e+00 8.713618895727066160e+00
-5.050956714627146127e-01 1.942705814507959872e+00 2.174836690204799527e+00 2.167402725467348468e+00 2.291555360306924083e+00 2.634208227552934822e+00 3.087109110324504524e+00 3.587829832235941652e+00 4.062347622097536082e+00 4.544368215357709850e+00 5.044790852375864887e+00 5.462037137591028824e+00 5.814689870096804825e+00 6.144521560581369002e+00 6.457841111872010487e+00 6.758995753597908163e+00 7.080083739995771452e+00 7.411380501716193336e+00 7.820673020165576972e+00 8.653687061418249726e+00
-7.938876935644645361e-01 1.653913792406209948e+00 1.886044668103049604e+00 1.878610703365598544e+00 2.002763338205173937e+00 2.345416205451185121e+00 2.798317088222754379e+00 3.299037810134191950e+00 3.773555599995785936e+00 4.255576193255960149e+00 4.755998830274115186e+00 5.173245115489279122e+00 5.525897847995055123e+00 5.855729538479619301e+00 6.169049089770259897e+00 6.470203731496158461e+00 6.791291717894020863e+00 7.122588479614443635e+00 7.531880998063827271e+00 8.364895039316500913e+00
