-5.234685071699979098e+00 -2.727651926803438709e+00 -2.379470404750801737e+00 -2.249767541876230847e+00 -2.249852431775085648e+00 -2.243851650180836987e+00 -2.158885268674154645e+00 -1.959642188789029404e+00 -1.758487721710070062e+00 -1.566088813567636739e+00 -1.201036882356601332e+00 -9.048667796431519861e-01 -6.857709098978206352e-01 -5.089289026399286264e-01 -3.674668763007544747e-01 -2.518127567844445913e-01 -1.592758075016011965e-01 -1.065312349031444228e-01 -1.021154852920203027e-01 -2.183114054691865924e-01
-2.786883585729304613e+00 -2.798504408327642246e-01 6.833108121987274686e-02 1.980339440944436369e-01 1.979490541955888361e-01 2.039498357898374969e-01 2.889162172965198394e-01 4.881592971816450799e-01 6.893137642606044224e-01 8.817126724030377449e-01 1.246764603614073152e+00 1.542934706327522498e+00 1.762030576072853849e+00 1.938872583330745858e+00 2.080334609669920010e+00 2.195988729186229893e+00 2.288525678469073288e+00 2.341270251067530062e+00 2.345686000678654182e+00 2.229490080501487892e+00
-2.554752710032464957e+00 -4.771956513592456872e-02 3.004619569167124027e-01 4.301648197912832927e-01 4.300799298924284919e-01 4.360807114866771528e-01 5.210470929933594952e-01 7.202901728784847357e-01 9.214446399574440782e-01 1.113843548099877401e+00 1.478895479310912808e+00 1.775065582024362154e+00 1.994161451769693505e+00 2.171003459027585514e+00 2.312465485366759665e+00 2.428119604883069549e+00 2.520656554165912944e+00 2.573401126764369717e+00 2.577816876375493838e+00 2.461620956198327548e+00
-2.562186674769916017e+00 -5.515352987337562851e-02 2.930279921792613429e-01 4.227308550538322329e-01 4.226459651549774321e-01 4.286467467492260930e-01 5.136131282559084354e-01 7.128562081410336759e-01 9.140106752199930185e-01 1.106409583362426341e+00 1.471461514573461749e+00 1.767631617286911094e+00 1.986727487032242445e+00 2.163569494290134454e+00 2.305031520629308606e+00 2.420685640145618489e+00 2.513222589428461884e+00 2.565967162026918658e+00 2.570382911638042778e+00 2.454186991460876488e+00
-2.438034039930340402e+00 6.899910496619998668e-02 4.171806270188369581e-01 5.468834898934078481e-01 5.467985999945530473e-01 5.527993815888017082e-01 6.377657630954840506e-01 8.370088429806092911e-01 1.038163310059568634e+00 1.230562218202001956e+00 1.595614149413037364e+00 1.891784252126486709e+00 2.110880121871818282e+00 2.287722129129710069e+00 2.429184155468884221e+00 2.544838274985194104e+00 2.637375224268037499e+00 2.690119796866494273e+00 2.694535546477618393e+00 2.578339626300452103e+00
-2.095381172684329663e+00 4.116519722122107261e-01 7.598334942648476975e-01 8.895363571394185875e-01 8.894514672405637867e-01 8.954522488348124476e-01 9.804186303414947901e-01 1.179661710226620031e+00 1.380816177305579373e+00 1.573215085448012696e+00 1.938267016659048103e+00 2.234437119372497449e+00 2.453532989117828578e+00 2.630374996375720809e+00 2.771837022714894960e+00 2.887491142231204844e+00 2.980028091514048239e+00 3.032772664112505012e+00 3.037188413723629132e+00 2.920992493546462843e+00
-1.642480289912759961e+00 8.645528549837804277e-01 1.212734377036417399e+00 1.342437239910988289e+00 1.342352350012133488e+00 1.348353131606382149e+00 1.433319513113064492e+00 1.632562592998189732e+00 1.833717060077149075e+00 2.026115968219582619e+00 2.391167899430617805e+00 2.687338002144067151e+00 2.906433871889398723e+00 3.083275879147290510e+00 3.224737905486464662e+00 3.340392025002774545e+00 3.432928974285617940e+00 3.485673546884074714e+00 3.490089296495198834e+00 3.373893376318032544e+00
-1.141759568001322611e+00 1.365273576895217778e+00 1.713455098947854749e+00 1.843157961822425639e+00 1.843073071923570838e+00 1.849073853517819499e+00 1.934040235024501841e+00 2.133283314909626860e+00 2.334437781988586202e+00 2.526836690131019747e+00 2.891888621342054932e+00 3.188058724055504278e+00 3.407154593800835851e+00 3.583996601058728082e+00 3.725458627397902234e+00 3.841112746914212117e+00 3.933649696197055512e+00 3.986394268795511842e+00 3.990810018406635962e+00 3.874614098229470116e+00
-6.672417781397286252e-01 1.839791366756811763e+00 2.187972888809448513e+00 2.317675751684019403e+00 2.317590861785165046e+00 2.323591643379413263e+00 2.408558024886096049e+00 2.607801104771221290e+00 2.808955571850180633e+00 3.001354479992613733e+00 3.366406411203649363e+00 3.662576513917098708e+00 3.881672383662429837e+00 4.058514390920321624e+00 4.199976417259495776e+00 4.315630536775805659e+00 4.408167486058649054e+00 4.460912058657106272e+00 4.465327808268230392e+00 4.349131888091063658e+00
-1.852211848795546345e-01 2.321811960016985754e+00 2.669993482069622726e+00 2.799696344944193616e+00 2.799611455045338815e+00 2.805612236639587476e+00 2.890578618146269818e+00 3.089821698031395059e+00 3.290976165110354401e+00 3.483375073252787502e+00 3.848427004463823131e+00 4.144597107177272477e+00 4.363692976922603606e+00 4.540534984180496281e+00 4.681997010519669544e+00 4.797651130035980316e+00 4.890188079318823711e+00 4.942932651917280040e+00 4.947348401528404160e+00 4.831152481351237427e+00
3.152014521386008461e-01 2.822234597035141235e+00 3.170416119087778206e+00 3.300118981962349096e+00 3.300034092063494295e+00 3.306034873657742956e+00 3.391001255164425299e+00 3.590244335049550539e+00 3.791398802128509882e+00 3.983797710270943426e+00 4.348849641481978168e+00 4.645019744195428402e+00 4.864115613940759530e+00 5.040957621198651317e+00 5.182419647537825469e+00 5.298073767054135352e+00 5.390610716336978747e+00 5.443355288935435965e+00 5.447771038546559197e+00 5.331575118369393351e+00
7.324477373537643388e-01 3.239480882250304727e+00 3.587662404302941699e+00 3.717365267177512589e+00 3.717280377278657788e+00 3.723281158872906449e+00 3.808247540379588791e+00 4.007490620264714032e+00 4.208645087343673374e+00 4.401043995486106475e+00 4.766095926697142104e+00 5.062266029410591450e+00 5.281361899155922579e+00 5.458203906413814366e+00 5.599665932752989406e+00 5.715320052269298401e+00 5.807857001552141796e+00 5.860601574150599014e+00 5.865017323761723134e+00 5.748821403584557288e+00
1.085100469859540340e+00 3.592133614756080728e+00 3.940315136808717700e+00 4.070017999683289034e+00 4.069933109784433789e+00 4.075933891378682006e+00 4.160900272885364792e+00 4.360143352770490033e+00 4.561297819849449375e+00 4.753696727991882476e+00 5.118748659202918105e+00 5.414918761916367451e+00 5.634014631661698580e+00 5.810856638919590367e+00 5.952318665258765407e+00 6.067972784775074402e+00 6.160509734057917797e+00 6.213254306656375014e+00 6.217670056267499135e+00 6.101474136090333289e+00
1.414932160344104961e+00 3.921965305240645350e+00 4.270146827293282321e+00 4.399849690167853211e+00 4.399764800268998854e+00 4.405765581863247071e+00 4.490731963369929858e+00 4.689975043255055098e+00 4.891129510334014441e+00 5.083528418476447541e+00 5.448580349687482283e+00 5.744750452400932517e+00 5.963846322146263645e+00 6.140688329404155432e+00 6.282150355743329584e+00 6.397804475259639467e+00 6.490341424542482862e+00 6.543085997140940080e+00 6.547501746752063312e+00 6.431305826574897466e+00
1.728251711634745558e+00 4.235284856531285946e+00 4.583466378583922918e+00 4.713169241458493808e+00 4.713084351559638563e+00 4.719085133153887668e+00 4.804051514660569566e+00 5.003294594545694807e+00 5.204449061624654149e+00 5.396847969767088138e+00 5.761899900978123767e+00 6.058070003691572225e+00 6.277165873436904242e+00 6.454007880694796029e+00 6.595469907033970181e+00 6.711124026550280064e+00 6.803660975833123459e+00 6.856405548431579788e+00 6.860821298042704797e+00 6.744625377865538063e+00
2.029406353360644122e+00 4.536439498257184511e+00 4.884621020309821482e+00 5.014323883184392372e+00 5.014238993285538015e+00 5.020239774879786232e+00 5.105206156386469019e+00 5.304449236271594259e+00 5.505603703350553602e+00 5.698002611492986702e+00 6.063054542704021443e+00 6.359224645417471677e+00 6.578320515162802806e+00 6.755162522420694593e+00 6.896624548759868745e+00 7.012278668276178628e+00 7.104815617559022023e+00 7.157560190157479241e+00 7.161975939768602473e+00 7.045780019591436627e+00
2.350494339758506523e+00 4.857527484655046912e+00 5.205709006707683884e+00 5.335411869582254774e+00 5.335326979683399529e+00 5.341327761277648634e+00 5.426294142784330532e+00 5.625537222669455772e+00 5.826691689748415115e+00 6.019090597890849104e+00 6.384142529101884733e+00 6.680312631815333191e+00 6.899408501560665208e+00 7.076250508818556995e+00 7.217712535157731146e+00 7.333366654674041030e+00 7.425903603956884425e+00 7.478648176555340754e+00 7.483063926166465762e+00 7.366868005989299029e+00
2.681791101478929296e+00 5.188824246375469684e+00 5.537005768428106656e+00 5.666708631302677546e+00 5.666623741403823189e+00 5.672624522998071406e+00 5.757590904504754192e+00 5.956833984389879433e+00 6.157988451468838775e+00 6.350387359611271876e+00 6.715439290822306617e+00 7.011609393535756851e+00 7.230705263281087980e+00 7.407547270538979767e+00 7.549009296878153918e+00 7.664663416394463802e+00 7.757200365677307197e+00 7.809944938275764414e+00 7.814360687886887646e+00 7.698164767709721801e+00
3.091083619928312931e+00 5.598116764824853320e+00 5.946298286877490291e+00 6.076001149752061181e+00 6.075916259853206824e+00 6.081917041447455041e+00 6.166883422954137828e+00 6.366126502839263068e+00 6.567280969918222411e+00 6.759679878060655511e+00 7.124731809271690253e+00 7.420901911985140487e+00 7.639997781730471615e+00 7.816839788988363402e+00 7.958301815327537554e+00 8.073955934843848325e+00 8.166492884126689944e+00 8.219237456725148050e+00 8.223653206336271282e+00 8.107457286159105436e+00
3.924097661180985686e+00 6.431130806077526074e+00 6.779312328130163046e+00 6.909015191004733936e+00 6.908930301105879579e+00 6.914931082700127796e+00 6.999897464206810582e+00 7.199140544091935823e+00 7.400295011170895165e+00 7.592693919313328266e+00 7.957745850524363007e+00 8.253915953237813241e+00 8.473011822983144370e+00 8.649853830241035269e+00 8.791315856580210308e+00 8.906969976096519304e+00 8.999506925379364475e+00 9.052251497977820804e+00 9.056667247588944036e+00 8.940471327411778191e+00
