-5.017411315195220212e+00 -2.569609829224546171e+00 -2.337478953527706516e+00 -2.344912918265157575e+00 -2.220760283425581960e+00 -1.878107416179571221e+00 -1.425206533408001519e+00 -9.244858114965641693e-01 -4.499680216349701833e-01 3.205257162520380732e-02 5.324752086433592879e-01 9.497214938585227806e-01 1.302374226364298782e+00 1.632205916848863403e+00 1.945525468139504000e+00 2.246680109865402564e+00 2.567768096263264965e+00 2.899064857983687737e+00 3.308357376433071373e+00 4.141371417685744127e+00
-2.652389023330286033e+00 -2.045875373596115487e-01 2.754333833722810709e-02 2.010937359977704730e-02 1.442620084393526625e-01 4.869148756853634019e-01 9.398157584569331036e-01 1.440536480368370453e+00 1.915054270229964439e+00 2.397074863490138430e+00 2.897497500508293911e+00 3.314743785723457403e+00 3.667396518229233404e+00 3.997228208713798026e+00 4.310547760004438622e+00 4.611702401730337186e+00 4.932790388128199588e+00 5.264087149848622360e+00 5.673379668298005996e+00 6.506393709550678750e+00
-2.231653503832433660e+00 2.161479821382408240e-01 4.482788578350804798e-01 4.408448930976294200e-01 5.649975279372050352e-01 9.076503951832157746e-01 1.360551277954785476e+00 1.861271999866222826e+00 2.335789789727816590e+00 2.817810382987990803e+00 3.318233020006146283e+00 3.735479305221309776e+00 4.088132037727085333e+00 4.417963728211650398e+00 4.731283279502290995e+00 5.032437921228189559e+00 5.353525907626051961e+00 5.684822669346474733e+00 6.094115187795858368e+00 6.927129229048531123e+00
-2.005004312678045242e+00 4.427971732926292425e-01 6.749280489894688984e-01 6.674940842520178386e-01 7.916467190915934538e-01 1.134299586337604193e+00 1.587200469109173895e+00 2.087921191020611467e+00 2.562438980882205009e+00 3.044459574142379221e+00 3.544882211160534702e+00 3.962128496375698194e+00 4.314781228881473751e+00 4.644612919366038817e+00 4.957932470656679413e+00 5.259087112382577978e+00 5.580175098780440379e+00 5.911471860500863151e+00 6.320764378950246787e+00 7.153778420202919541e+00
-1.871438888356836472e+00 5.763625976138380125e-01 8.084934733106776683e-01 8.010595085732266085e-01 9.252121434128022237e-01 1.267865010658812963e+00 1.720765893430382665e+00 2.221486615341819792e+00 2.696004405203414223e+00 3.178024998463587991e+00 3.678447635481743472e+00 4.095693920696906964e+00 4.448346653202682965e+00 4.778178343687248031e+00 5.091497894977887739e+00 5.392652536703787192e+00 5.713740523101648705e+00 6.045037284822072365e+00 6.454329803271456001e+00 7.287343844524128755e+00
-1.812548819079073059e+00 6.352526668916014252e-01 8.673835425884410810e-01 8.599495778509900212e-01 9.841022126905656364e-01 1.326755079936576376e+00 1.779655962708146077e+00 2.280376684619583649e+00 2.754894474481177191e+00 3.236915067741351404e+00 3.737337704759506884e+00 4.154583989974669933e+00 4.507236722480445934e+00 4.837068412965010999e+00 5.150387964255651596e+00 5.451542605981550160e+00 5.772630592379412562e+00 6.103927354099835334e+00 6.513219872549218969e+00 7.346233913801891724e+00
-1.823602929015290641e+00 6.241985569553838431e-01 8.563294326522234989e-01 8.488954679147724391e-01 9.730481027543480543e-01 1.315700970000358794e+00 1.768601852771928495e+00 2.269322574683365623e+00 2.743840364544960053e+00 3.225860957805133822e+00 3.726283594823289302e+00 4.143529880038452795e+00 4.496182612544228796e+00 4.826014303028793861e+00 5.139333854319433570e+00 5.440488496045333022e+00 5.761576482443194536e+00 6.092873244163618196e+00 6.502165762613001831e+00 7.335179803865674586e+00
-1.817897748171518835e+00 6.299037377991556497e-01 8.620346134959953055e-01 8.546006487585442457e-01 9.787532835981198609e-01 1.321406150844130600e+00 1.774307033615700302e+00 2.275027755527137430e+00 2.749545545388731860e+00 3.231566138648905628e+00 3.731988775667061109e+00 4.149235060882224602e+00 4.501887793388000603e+00 4.831719483872564780e+00 5.145039035163206265e+00 5.446193676889103941e+00 5.767281663286967230e+00 6.098578425007389114e+00 6.507870943456772750e+00 7.340884984709445504e+00
-1.822139317922375490e+00 6.256621680482989944e-01 8.577930437451386503e-01 8.503590790076875905e-01 9.745117138472632057e-01 1.317164581093273945e+00 1.770065463864843647e+00 2.270786185776280774e+00 2.745303975637875205e+00 3.227324568898048973e+00 3.727747205916204454e+00 4.144993491131367946e+00 4.497646223637143947e+00 4.827477914121708125e+00 5.140797465412349609e+00 5.441952107138247285e+00 5.763040093536110575e+00 6.094336855256532459e+00 6.503629373705916095e+00 7.336643414958588849e+00
-1.914250602587270311e+00 5.335508833834041731e-01 7.656817590802438289e-01 7.582477943427927691e-01 8.824004291823683843e-01 1.225053296428379124e+00 1.677954179199948825e+00 2.178674901111386397e+00 2.653192690972979939e+00 3.135213284233154152e+00 3.635635921251309632e+00 4.052882206466472681e+00 4.405534938972248682e+00 4.735366629456813747e+00 5.048686180747454344e+00 5.349840822473352908e+00 5.670928808871215310e+00 6.002225570591638082e+00 6.411518089041021717e+00 7.244532130293694472e+00
-1.765404819166308314e+00 6.823966668043661699e-01 9.145275425012058257e-01 9.070935777637547659e-01 1.031246212603330381e+00 1.373899079849341121e+00 1.826799962620910822e+00 2.327520684532347950e+00 2.802038474393942380e+00 3.284059067654116149e+00 3.784481704672271629e+00 4.201727989887435122e+00 4.554380722393211123e+00 4.884212412877776188e+00 5.197531964168415897e+00 5.498686605894315349e+00 5.819774592292176862e+00 6.151071354012600523e+00 6.560363872461984158e+00 7.393377913714656913e+00
-1.545076316161788421e+00 9.027251698088860632e-01 1.134856045505725719e+00 1.127422080768274659e+00 1.251574715607850274e+00 1.594227582853861014e+00 2.047128465625430493e+00 2.547849187536868065e+00 3.022366977398462051e+00 3.504387570658636264e+00 4.004810207676791300e+00 4.422056492891955237e+00 4.774709225397731238e+00 5.104540915882295415e+00 5.417860467172936012e+00 5.719015108898834576e+00 6.040103095296696978e+00 6.371399857017119750e+00 6.780692375466503385e+00 7.613706416719176140e+00
-1.439413825303197836e+00 1.008387660667476649e+00 1.240518536364316304e+00 1.233084571626865245e+00 1.357237206466440860e+00 1.699890073712451599e+00 2.152790956484021301e+00 2.653511678395458873e+00 3.128029468257052415e+00 3.610050061517226627e+00 4.110472698535382108e+00 4.527718983750546045e+00 4.880371716256322046e+00 5.210203406740886223e+00 5.523522958031526819e+00 5.824677599757425384e+00 6.145765586155287785e+00 6.477062347875710557e+00 6.886354866325094193e+00 7.719368907577766947e+00
-1.381278703781944728e+00 1.066522782188729757e+00 1.298653657885569412e+00 1.291219693148118353e+00 1.415372327987693968e+00 1.758025195233704707e+00 2.210926078005274409e+00 2.711646799916711537e+00 3.186164589778305967e+00 3.668185183038479735e+00 4.168607820056635660e+00 4.585854105271798709e+00 4.938506837777574709e+00 5.268338528262139775e+00 5.581658079552779483e+00 5.882812721278678936e+00 6.203900707676540449e+00 6.535197469396964109e+00 6.944489987846347745e+00 7.777504029099020499e+00
-1.365752449692043236e+00 1.082049036278631249e+00 1.314179911975470905e+00 1.306745947238019845e+00 1.430898582077595460e+00 1.773551449323606199e+00 2.226452332095175901e+00 2.727173054006613029e+00 3.201690843868207459e+00 3.683711437128381228e+00 4.184134074146536264e+00 4.601380359361700201e+00 4.954033091867476202e+00 5.283864782352040379e+00 5.597184333642681864e+00 5.898338975368579540e+00 6.219426961766442830e+00 6.550723723486864714e+00 6.960016241936248349e+00 7.793030283188921103e+00
-1.392042287450489635e+00 1.055759198520184849e+00 1.287890074217024505e+00 1.280456109479573445e+00 1.404608744319149061e+00 1.747261611565159800e+00 2.200162494336729502e+00 2.700883216248167074e+00 3.175401006109760615e+00 3.657421599369934828e+00 4.157844236388090309e+00 4.575090521603254246e+00 4.927743254109030246e+00 5.257574944593594424e+00 5.570894495884235020e+00 5.872049137610133585e+00 6.193137124007995986e+00 6.524433885728418758e+00 6.933726404177802394e+00 7.766740445430475148e+00
-1.463902254189400898e+00 9.838992317812735866e-01 1.216030107478113242e+00 1.208596142740662183e+00 1.332748777580237798e+00 1.675401644826248537e+00 2.128302527597818461e+00 2.629023249509255589e+00 3.103541039370849575e+00 3.585561632631023343e+00 4.085984269649179268e+00 4.503230554864342317e+00 4.855883287370118317e+00 5.185714977854683383e+00 5.499034529145323980e+00 5.800189170871222544e+00 6.121277157269084945e+00 6.452573918989507717e+00 6.861866437438891353e+00 7.694880478691564107e+00
-1.606851053577202260e+00 8.409504323934722247e-01 1.073081308090311881e+00 1.065647343352860821e+00 1.189799978192436436e+00 1.532452845438447175e+00 1.985353728210016877e+00 2.486074450121454227e+00 2.960592239983048213e+00 3.442612833243222425e+00 3.943035470261377462e+00 4.360281755476541399e+00 4.712934487982317400e+00 5.042766178466881577e+00 5.356085729757522174e+00 5.657240371483420738e+00 5.978328357881283139e+00 6.309625119601705912e+00 6.718917638051089547e+00 7.551931679303762301e+00
-1.901260918466246785e+00 5.465405675044276990e-01 7.786714432012673548e-01 7.712374784638162950e-01 8.953901133033919102e-01 1.238042980549402650e+00 1.690943863320972351e+00 2.191664585232409479e+00 2.666182375094003909e+00 3.148202968354177678e+00 3.648625605372333158e+00 4.065871890587496651e+00 4.418524623093272652e+00 4.748356313577836829e+00 5.061675864868478314e+00 5.362830506594375990e+00 5.683918492992239280e+00 6.015215254712661164e+00 6.424507773162044799e+00 7.257521814414717554e+00
-3.124966271417817687e+00 -6.771647854471432026e-01 -4.450339097503035468e-01 -4.524678744877546066e-01 -3.283152396481789914e-01 1.433762759783174801e-02 4.672385103694014497e-01 9.679592322808387994e-01 1.442477022142432785e+00 1.924497615402606776e+00 2.424920252420762257e+00 2.842166537635925749e+00 3.194819270141701750e+00 3.524650960626266372e+00 3.837970511916906968e+00 4.139125153642805088e+00 4.460213140040668378e+00 4.791509901761090262e+00 5.200802420210473898e+00 6.033816461463146652e+00
