-5.075465797806258728e+00 -2.597474598934529144e+00 -2.308460604003830241e+00 -2.274110468129442619e+00 -2.261117783687742300e+00 -2.087390536315153255e+00 -1.791846599260412010e+00 -1.413721033006670069e+00 -1.047765919717821514e+00 -6.746731827387828506e-01 -2.209603791439445075e-01 1.367342392335322288e-01 4.354508020767293708e-01 6.965630139226450801e-01 9.382515630718479827e-01 1.163606689190897825e+00 1.379488845484678539e+00 1.593634415500580381e+00 1.838895549008448427e+00 2.291382683594325620e+00
-2.632392147623503043e+00 -1.544009487517734591e-01 1.346130461789254440e-01 1.689631820533130657e-01 1.819558664950133853e-01 3.556831138676024295e-01 6.512270509223436754e-01 1.029352617176085616e+00 1.395307730464934171e+00 1.768400467443972834e+00 2.222113271038811178e+00 2.579807889416287914e+00 2.878524452259485056e+00 3.139636664105400765e+00 3.381325213254603668e+00 3.606680339373653510e+00 3.822562495667434224e+00 4.036708065683336066e+00 4.281969199191204112e+00 4.734456333777081305e+00
-2.220338712506988887e+00 2.576524863647406960e-01 5.466664812954395991e-01 5.810166171698272208e-01 5.940093016115275404e-01 7.677365489841165846e-01 1.063280486038857831e+00 1.441406052292599771e+00 1.807361165581448326e+00 2.180453902560486767e+00 2.634166706155325333e+00 2.991861324532802069e+00 3.290577887375999211e+00 3.551690099221914920e+00 3.793378648371117823e+00 4.018733774490167221e+00 4.234615930783948379e+00 4.448761500799850666e+00 4.694022634307717823e+00 5.146509768893595904e+00
-2.008077220036814214e+00 4.699139788349153690e-01 7.589279737656142721e-01 7.932781096400018939e-01 8.062707940817022134e-01 9.799980414542912577e-01 1.275541978509032504e+00 1.653667544762774444e+00 2.019622658051622999e+00 2.392715395030661441e+00 2.846428198625500006e+00 3.204122817002976742e+00 3.502839379846173884e+00 3.763951591692089593e+00 4.005640140841292052e+00 4.230995266960341894e+00 4.446877423254123052e+00 4.661022993270025339e+00 4.906284126777892496e+00 5.358771261363770577e+00
-1.899184108383104252e+00 5.788070904886253309e-01 8.678210854193242341e-01 9.021712212937118558e-01 9.151639057354121753e-01 1.088891153108001220e+00 1.384435090162742465e+00 1.762560656416484406e+00 2.128515769705332961e+00 2.501608506684371847e+00 2.955321310279209968e+00 3.313015928656686704e+00 3.611732491499883846e+00 3.872844703345799555e+00 4.114533252495002458e+00 4.339888378614052300e+00 4.555770534907832570e+00 4.769916104923734856e+00 5.015177238431602902e+00 5.467664373017480095e+00
-1.878055656570424947e+00 5.999355423013046362e-01 8.889495372320035393e-01 9.232996731063911611e-01 9.362923575480914806e-01 1.110019604920680525e+00 1.405563541975421771e+00 1.783689108229163711e+00 2.149644221518012266e+00 2.522736958497050708e+00 2.976449762091889273e+00 3.334144380469366009e+00 3.632860943312563151e+00 3.893973155158478860e+00 4.135661704307681319e+00 4.361016830426731161e+00 4.576898986720512319e+00 4.791044556736414606e+00 5.036305690244281763e+00 5.488792824830159844e+00
-1.911661993057060194e+00 5.663292058146693897e-01 8.553432007453682928e-01 8.896933366197559145e-01 9.026860210614562341e-01 1.076413268434045278e+00 1.371957205488786524e+00 1.750082771742528465e+00 2.116037885031377019e+00 2.489130622010415905e+00 2.942843425605254026e+00 3.300538043982730763e+00 3.599254606825927905e+00 3.860366818671843614e+00 4.102055367821046516e+00 4.327410493940096359e+00 4.543292650233876628e+00 4.757438220249778915e+00 5.002699353757646961e+00 5.455186488343524154e+00
-1.887560115636383262e+00 5.904310832353463212e-01 8.794450781660452243e-01 9.137952140404328460e-01 9.267878984821331656e-01 1.100515145854722210e+00 1.396059082909463456e+00 1.774184649163205396e+00 2.140139762452053951e+00 2.513232499431092393e+00 2.966945303025930958e+00 3.324639921403407694e+00 3.623356484246604836e+00 3.884468696092520545e+00 4.126157245241723004e+00 4.351512371360772846e+00 4.567394527654554004e+00 4.781540097670456291e+00 5.026801231178323448e+00 5.479288365764201529e+00
-1.851924491714859400e+00 6.260667071568701836e-01 9.150807020875690867e-01 9.494308379619567084e-01 9.624235224036570280e-01 1.136150769776246072e+00 1.431694706830987318e+00 1.809820273084729259e+00 2.175775386373577813e+00 2.548868123352616699e+00 3.002580926947454820e+00 3.360275545324931556e+00 3.658992108168128699e+00 3.920104320014044408e+00 4.161792869163247310e+00 4.387147995282297153e+00 4.603030151576078310e+00 4.817175721591979709e+00 5.062436855099847755e+00 5.514923989685724948e+00
-1.892386673034192945e+00 5.856045258375366380e-01 8.746185207682355411e-01 9.089686566426231629e-01 9.219613410843234824e-01 1.095688588456912527e+00 1.391232525511653773e+00 1.769358091765395713e+00 2.135313205054244268e+00 2.508405942033283154e+00 2.962118745628121275e+00 3.319813364005598011e+00 3.618529926848795153e+00 3.879642138694710862e+00 4.121330687843913765e+00 4.346685813962963607e+00 4.562567970256743877e+00 4.776713540272646163e+00 5.021974673780514209e+00 5.474461808366391402e+00
-1.682338619725435080e+00 7.956525791462945030e-01 1.084666574076993406e+00 1.119016709951381028e+00 1.132009394393081347e+00 1.305736641765670392e+00 1.601280578820411638e+00 1.979406145074153578e+00 2.345361258363002133e+00 2.718453995342041019e+00 3.172166798936879140e+00 3.529861417314355876e+00 3.828577980157553018e+00 4.089690192003468283e+00 4.331378741152671630e+00 4.556733867271721472e+00 4.772616023565502630e+00 4.986761593581404028e+00 5.232022727089272074e+00 5.684509861675149267e+00
-1.443019161436784881e+00 1.034972037434944703e+00 1.323986032365643606e+00 1.358336168240031228e+00 1.371328852681731547e+00 1.545056100054320591e+00 1.840600037109061837e+00 2.218725603362803778e+00 2.584680716651652332e+00 2.957773453630690774e+00 3.411486257225529339e+00 3.769180875603006076e+00 4.067897438446203218e+00 4.329009650292118927e+00 4.570698199441322274e+00 4.796053325560372116e+00 5.011935481854152385e+00 5.226081051870053784e+00 5.471342185377922718e+00 5.923829319963799023e+00
-1.315606848363831682e+00 1.162384350507897901e+00 1.451398345438596804e+00 1.485748481312984426e+00 1.498741165754684745e+00 1.672468413127273790e+00 1.968012350182015036e+00 2.346137916435757198e+00 2.712093029724605309e+00 3.085185766703644195e+00 3.538898570298482760e+00 3.896593188675959496e+00 4.195309751519156194e+00 4.456421963365071903e+00 4.698110512514275250e+00 4.923465638633325092e+00 5.139347794927105362e+00 5.353493364943007649e+00 5.598754498450875694e+00 6.051241633036752887e+00
-1.234389868520145539e+00 1.243601330351584044e+00 1.532615325282282948e+00 1.566965461156670569e+00 1.579958145598370889e+00 1.753685392970959933e+00 2.049229330025701401e+00 2.427354896279442897e+00 2.793310009568291896e+00 3.166402746547330338e+00 3.620115550142168459e+00 3.977810168519645195e+00 4.276526731362842781e+00 4.537638943208758491e+00 4.779327492357960949e+00 5.004682618477010791e+00 5.220564774770791949e+00 5.434710344786693348e+00 5.679971478294561393e+00 6.132458612880438587e+00
-1.189960146838688893e+00 1.288031052033040691e+00 1.577045046963739594e+00 1.611395182838127216e+00 1.624387867279827535e+00 1.798115114652416580e+00 2.093659051707157825e+00 2.471784617960899766e+00 2.837739731249748321e+00 3.210832468228787206e+00 3.664545271823625328e+00 4.022239890201102064e+00 4.320956453044299650e+00 4.582068664890215359e+00 4.823757214039417818e+00 5.049112340158467660e+00 5.264994496452247930e+00 5.479140066468150216e+00 5.724401199976018262e+00 6.176888334561895455e+00
-1.187527282016115127e+00 1.290463916855614457e+00 1.579477911786313360e+00 1.613828047660700982e+00 1.626820732102401301e+00 1.800547979474990345e+00 2.096091916529731591e+00 2.474217482783473532e+00 2.840172596072322087e+00 3.213265333051360528e+00 3.666978136646199093e+00 4.024672755023676274e+00 4.323389317866872972e+00 4.584501529712788681e+00 4.826190078861991140e+00 5.051545204981040982e+00 5.267427361274822140e+00 5.481572931290724426e+00 5.726834064798591584e+00 6.179321199384469665e+00
-1.227418554264680939e+00 1.250572644607048645e+00 1.539586639537747548e+00 1.573936775412135169e+00 1.586929459853835489e+00 1.760656707226424533e+00 2.056200644281165779e+00 2.434326210534907720e+00 2.800281323823756274e+00 3.173374060802794716e+00 3.627086864397633281e+00 3.984781482775110018e+00 4.283498045618307160e+00 4.544610257464222869e+00 4.786298806613425327e+00 5.011653932732475170e+00 5.227536089026256327e+00 5.441681659042158614e+00 5.686942792550025771e+00 6.139429927135903853e+00
-1.333074283349799050e+00 1.144916915521930534e+00 1.433930910452629437e+00 1.468281046327017059e+00 1.481273730768717378e+00 1.655000978141306422e+00 1.950544915196047668e+00 2.328670481449789609e+00 2.694625594738638164e+00 3.067718331717676605e+00 3.521431135312515170e+00 3.879125753689991907e+00 4.177842316533189049e+00 4.438954528379104758e+00 4.680643077528307217e+00 4.905998203647357059e+00 5.121880359941138217e+00 5.336025929957040503e+00 5.581287063464907661e+00 6.033774198050785742e+00
-1.562634380702840886e+00 9.153568181688886973e-01 1.204370813099587600e+00 1.238720948973975222e+00 1.251713633415675542e+00 1.425440880788264586e+00 1.720984817843005832e+00 2.099110384096747772e+00 2.465065497385596327e+00 2.838158234364635213e+00 3.291871037959473334e+00 3.649565656336950070e+00 3.948282219180147212e+00 4.209394431026062477e+00 4.451082980175265824e+00 4.676438106294315666e+00 4.892320262588096824e+00 5.106465832603998223e+00 5.351726966111866268e+00 5.804214100697743461e+00
-2.500220018542270051e+00 -2.222881967054046726e-02 2.667851752601584359e-01 3.011353111345460576e-01 3.141279955762463771e-01 4.878552429488354214e-01 7.833991800035766673e-01 1.161524746257318608e+00 1.527479859546167162e+00 1.900572596525205826e+00 2.354285400120044169e+00 2.711980018497520906e+00 3.010696581340718048e+00 3.271808793186633757e+00 3.513497342335836660e+00 3.738852468454886502e+00 3.954734624748667215e+00 4.168880194764568614e+00 4.414141328272437548e+00 4.866628462858313853e+00
