-5.161601509188415093e+00 -2.683610310316685954e+00 -2.394596315385987051e+00 -2.360246179511599429e+00 -2.347253495069899110e+00 -2.173526247697310065e+00 -1.877982310642568820e+00 -1.499856744388826879e+00 -1.133901631099978324e+00 -7.608088941209396605e-01 -3.070960905261013174e-01 5.059852785137541886e-02 3.493150906945725609e-01 6.104273025404882702e-01 8.521158516896911728e-01 1.077470977808741015e+00 1.293353134102521729e+00 1.507498704118423571e+00 1.752759837626291617e+00 2.205246972212168810e+00
-2.658702873122608779e+00 -1.807116742508791951e-01 1.083023206798197080e-01 1.426524565542073297e-01 1.556451409959076493e-01 3.293723883684966935e-01 6.249163254232379394e-01 1.003041891676979880e+00 1.368997004965828435e+00 1.742089741944867098e+00 2.195802545539705442e+00 2.553497163917182178e+00 2.852213726760379320e+00 3.113325938606295029e+00 3.355014487755497932e+00 3.580369613874547774e+00 3.796251770168328488e+00 4.010397340184230330e+00 4.255658473692098376e+00 4.708145608277975569e+00
-2.282107717798363744e+00 1.958834810733658394e-01 4.848974760040647425e-01 5.192476118784523642e-01 5.322402963201526838e-01 7.059675436927417280e-01 1.001511480747482974e+00 1.379637047001224914e+00 1.745592160290073469e+00 2.118684897269112355e+00 2.572397700863950476e+00 2.930092319241427212e+00 3.228808882084624354e+00 3.489921093930540064e+00 3.731609643079742966e+00 3.956964769198792808e+00 4.172846925492573078e+00 4.386992495508475365e+00 4.632253629016343410e+00 5.084740763602220603e+00
-2.108008638340842289e+00 3.699825605308872944e-01 6.589965554615861976e-01 6.933466913359738193e-01 7.063393757776741388e-01 8.800666231502631831e-01 1.175610560205004429e+00 1.553736126458746369e+00 1.919691239747594924e+00 2.292783976726633810e+00 2.746496780321471931e+00 3.104191398698948667e+00 3.402907961542145809e+00 3.664020173388061519e+00 3.905708722537264421e+00 4.131063848656314264e+00 4.346946004950094533e+00 4.561091574965996820e+00 4.806352708473864865e+00 5.258839843059742059e+00
-2.063373324661102348e+00 4.146178742106272352e-01 7.036318691413261384e-01 7.379820050157137601e-01 7.509746894574140796e-01 9.247019368300031239e-01 1.220245873884744370e+00 1.598371440138486310e+00 1.964326553427334865e+00 2.337419290406373307e+00 2.791132094001211872e+00 3.148826712378688608e+00 3.447543275221885750e+00 3.708655487067801459e+00 3.950344036217004362e+00 4.175699162336053760e+00 4.391581318629834918e+00 4.605726888645737205e+00 4.850988022153604362e+00 5.303475156739482443e+00
-2.076450524216503446e+00 4.015406746552261374e-01 6.905546695859250406e-01 7.249048054603126623e-01 7.378974899020129818e-01 9.116247372746020261e-01 1.207168674329343272e+00 1.585294240583085212e+00 1.951249353871933767e+00 2.324342090850972653e+00 2.778054894445810774e+00 3.135749512823287510e+00 3.434466075666484652e+00 3.695578287512400362e+00 3.937266836661603264e+00 4.162621962780653107e+00 4.378504119074433376e+00 4.592649689090335663e+00 4.837910822598203708e+00 5.290397957184080902e+00
-2.078674407925086509e+00 3.993167909466430743e-01 6.883307858773419774e-01 7.226809217517295991e-01 7.356736061934299187e-01 9.094008535660189629e-01 1.204944790620760209e+00 1.583070356874502149e+00 1.949025470163350704e+00 2.322118207142389146e+00 2.775831010737227711e+00 3.133525629114704447e+00 3.432242191957901589e+00 3.693354403803817299e+00 3.935042952953020201e+00 4.160398079072070487e+00 4.376280235365850757e+00 4.590425805381752156e+00 4.835686938889621089e+00 5.288174073475497394e+00
-1.971962728847902913e+00 5.060284700238266709e-01 7.950424649545255740e-01 8.293926008289131957e-01 8.423852852706135153e-01 1.016112532643202560e+00 1.311656469697943805e+00 1.689782035951685746e+00 2.055737149240534301e+00 2.428829886219572742e+00 2.882542689814411307e+00 3.240237308191888044e+00 3.538953871035085186e+00 3.800066082881000895e+00 4.041754632030203354e+00 4.267109758149253196e+00 4.482991914443034354e+00 4.697137484458936640e+00 4.942398617966803798e+00 5.394885752552681879e+00
-1.854693506010590909e+00 6.232976928611386747e-01 9.123116877918375778e-01 9.466618236662251995e-01 9.596545081079255191e-01 1.133381755480514563e+00 1.428925692535255809e+00 1.807051258788997750e+00 2.173006372077846304e+00 2.546099109056885190e+00 2.999811912651723311e+00 3.357506531029200048e+00 3.656223093872397190e+00 3.917335305718312899e+00 4.159023854867515801e+00 4.384378980986565644e+00 4.600261137280346802e+00 4.814406707296248200e+00 5.059667840804116246e+00 5.512154975389993439e+00
-1.774243206187693378e+00 7.037479926840362054e-01 9.927619876147351086e-01 1.027112123489122730e+00 1.040104807930823050e+00 1.213832055303412094e+00 1.509375992358153340e+00 1.887501558611895280e+00 2.253456671900743835e+00 2.626549408879782277e+00 3.080262212474620842e+00 3.437956830852097578e+00 3.736673393695294720e+00 3.997785605541210430e+00 4.239474154690412888e+00 4.464829280809462730e+00 4.680711437103243888e+00 4.894857007119146175e+00 5.140118140627013332e+00 5.592605275212891414e+00
-1.472497741966467544e+00 1.005493456905262040e+00 1.294507451835960943e+00 1.328857587710348565e+00 1.341850272152048884e+00 1.515577519524637928e+00 1.811121456579379174e+00 2.189247022833121115e+00 2.555202136121969669e+00 2.928294873101008555e+00 3.382007676695846676e+00 3.739702295073323413e+00 4.038418857916520111e+00 4.299531069762435820e+00 4.541219618911639166e+00 4.766574745030689009e+00 4.982456901324470167e+00 5.196602471340371565e+00 5.441863604848239611e+00 5.894350739434116804e+00
-1.204669857038531244e+00 1.273321341833198339e+00 1.562335336763897242e+00 1.596685472638284864e+00 1.609678157079985183e+00 1.783405404452574228e+00 2.078949341507315474e+00 2.457074907761057414e+00 2.823030021049905969e+00 3.196122758028944411e+00 3.649835561623782976e+00 4.007530180001259268e+00 4.306246742844456854e+00 4.567358954690372563e+00 4.809047503839575910e+00 5.034402629958625752e+00 5.250284786252406022e+00 5.464430356268307420e+00 5.709691489776176354e+00 6.162178624362052659e+00
-1.033903266039631452e+00 1.444087932832098131e+00 1.733101927762797034e+00 1.767452063637184656e+00 1.780444748078884976e+00 1.954171995451474020e+00 2.249715932506215488e+00 2.627841498759956984e+00 2.993796612048805983e+00 3.366889349027844425e+00 3.820602152622682546e+00 4.178296771000159282e+00 4.477013333843356868e+00 4.738125545689272577e+00 4.979814094838475036e+00 5.205169220957524878e+00 5.421051377251306036e+00 5.635196947267207435e+00 5.880458080775075480e+00 6.332945215360952673e+00
-9.025426111160932408e-01 1.575448587755636343e+00 1.864462582686335246e+00 1.898812718560722868e+00 1.911805403002423187e+00 2.085532650375012231e+00 2.381076587429753477e+00 2.759202153683495418e+00 3.125157266972343972e+00 3.498250003951382858e+00 3.951962807546220979e+00 4.309657425923697716e+00 4.608373988766894414e+00 4.869486200612810123e+00 5.111174749762013469e+00 5.336529875881063312e+00 5.552412032174844470e+00 5.766557602190745868e+00 6.011818735698613914e+00 6.464305870284491107e+00
-8.036052117418837071e-01 1.674385987129845876e+00 1.963399982060544779e+00 1.997750117934932401e+00 2.010742802376632721e+00 2.184470049749221765e+00 2.480013986803963011e+00 2.858139553057704951e+00 3.224094666346553506e+00 3.597187403325592392e+00 4.050900206920430513e+00 4.408594825297907249e+00 4.707311388141103947e+00 4.968423599987019657e+00 5.210112149136223003e+00 5.435467275255272845e+00 5.651349431549054003e+00 5.865495001564955402e+00 6.110756135072823447e+00 6.563243269658700640e+00
-7.450419775779979492e-01 1.732949221293731634e+00 2.021963216224430759e+00 2.056313352098817937e+00 2.069306036540518257e+00 2.243033283913107745e+00 2.538577220967848547e+00 2.916702787221590931e+00 3.282657900510439042e+00 3.655750637489477928e+00 4.109463441084316493e+00 4.467158059461793229e+00 4.765874622304989927e+00 5.026986834150905636e+00 5.268675383300108983e+00 5.494030509419158825e+00 5.709912665712939095e+00 5.924058235728841382e+00 6.169319369236709427e+00 6.621806503822586620e+00
-7.190407188423657558e-01 1.758950480029363828e+00 2.047964474960062731e+00 2.082314610834450352e+00 2.095307295276150672e+00 2.269034542648739716e+00 2.564578479703480962e+00 2.942704045957222903e+00 3.308659159246071457e+00 3.681751896225110343e+00 4.135464699819948464e+00 4.493159318197425200e+00 4.791875881040622787e+00 5.052988092886538496e+00 5.294676642035740954e+00 5.520031768154790797e+00 5.735913924448571066e+00 5.950059494464473353e+00 6.195320627972341399e+00 6.647807762558218592e+00
-7.451248410378958908e-01 1.732866357833833693e+00 2.021880352764532596e+00 2.056230488638920217e+00 2.069223173080620537e+00 2.242950420453209581e+00 2.538494357507950827e+00 2.916619923761692768e+00 3.282575037050541322e+00 3.655667774029580208e+00 4.109380577624418329e+00 4.467075196001895065e+00 4.765791758845091763e+00 5.026903970691007473e+00 5.268592519840210819e+00 5.493947645959260662e+00 5.709829802253041819e+00 5.923975372268943218e+00 6.169236505776811264e+00 6.621723640362688457e+00
-8.550885427076073686e-01 1.622902656164122215e+00 1.911916651094821118e+00 1.946266786969208740e+00 1.959259471410909059e+00 2.132986718783498326e+00 2.428530655838239127e+00 2.806656222091981512e+00 3.172611335380829622e+00 3.545704072359868508e+00 3.999416875954707074e+00 4.357111494332183810e+00 4.655828057175380508e+00 4.916940269021296217e+00 5.158628818170499564e+00 5.383983944289549406e+00 5.599866100583329676e+00 5.814011670599231962e+00 6.059272804107100008e+00 6.511759938692977201e+00
-1.341249693987340841e+00 1.136741504884388743e+00 1.425755499815087646e+00 1.460105635689475267e+00 1.473098320131175587e+00 1.646825567503764631e+00 1.942369504558505877e+00 2.320495070812247818e+00 2.686450184101096372e+00 3.059542921080135258e+00 3.513255724674973379e+00 3.870950343052450116e+00 4.169666905895647702e+00 4.430779117741563411e+00 4.672467666890765869e+00 4.897822793009815712e+00 5.113704949303595981e+00 5.327850519319498268e+00 5.573111652827366314e+00 6.025598787413243507e+00
