-4.398178416622766207e+00
-1.994941824547550979e+00
-1.458841860635244458e+00
-1.128404063288471093e+00
-8.890298131839458051e-01
-6.954217276843728257e-01
-5.356971822421652263e-01
-4.028659858421637097e-01
-2.859093965138104210e-01
-1.917138369251993879e-01
-1.185480355453751855e-01
-3.461910737089723966e-02
3.965599384027207464e-02
1.040463258101986810e-01
1.743413388794259333e-01
2.136584422202609801e-01
2.653035550731139836e-01
3.245728901488860174e-01
3.552181566790064693e-01
4.127446391537539228e-01
4.614880794126410279e-01
4.846788322225688006e-01
5.135750824099201139e-01
5.519842474907967755e-01
5.725038586406210328e-01
6.125661497822658674e-01
6.369294255942836713e-01
6.685718257424060340e-01
6.810478363091494458e-01
7.219809357681334916e-01
7.321014199854527504e-01
7.546858856497244972e-01
7.667168296095248081e-01
7.871369314544995888e-01
8.164696937724773562e-01
8.369034831913797490e-01
8.608173806223486935e-01
8.830031645306970489e-01
8.764981951231369806e-01
8.979339261112126991e-01
9.104323529376241453e-01
9.240801201707622425e-01
9.321876960516242150e-01
9.583774299115148665e-01
9.610198272211736281e-01
9.623436488457048910e-01
9.842178935246526095e-01
9.904051916154994473e-01
1.008120987868098339e+00
1.005197683993847235e+00
1.009663008219913394e+00
1.040535945163288289e+00
1.050292120108652583e+00
1.033399288118744153e+00
1.062907522738726129e+00
1.060631469081789291e+00
1.058198575172339062e+00
1.086790729913142073e+00
1.084293434017761015e+00
1.092139230044152143e+00
1.089795740521678269e+00
1.098190685727507443e+00
1.096001211168639244e+00
1.098865335778397068e+00
1.097348012719018939e+00
1.110745991476452588e+00
1.131098539457871865e+00
1.138970529728251080e+00
1.131272801024923780e+00
1.110575270178555840e+00
1.146904980240972094e+00
1.128140729558976929e+00
1.140200650259435733e+00
1.144076624104128470e+00
1.147967679597094559e+00
1.151696046099758064e+00
1.142841729354271862e+00
1.134589553650918958e+00
1.141080235152100997e+00
1.144606331894388873e+00
1.143723641396615420e+00
1.142312955216631565e+00
1.147259087893397478e+00
1.149741358671521496e+00
1.162785410321607316e+00
1.164405426876072625e+00
1.152407789902046176e+00
1.146727973425747393e+00
1.164405426876072625e+00
1.157941048107085535e+00
1.162066244522900860e+00
1.160629462666538103e+00
1.159732521176680464e+00
1.135289221337323795e+00
1.146727973425747393e+00
1.160808947545419301e+00
1.138794921684951333e+00
1.137566528093616469e+00
1.130924308252621913e+00
1.138268282508381191e+00
1.151518189274032267e+00
1.119147241061602571e+00
1.116739673260665811e+00
1.104618312728321783e+00
1.134939326302262685e+00
1.121905863500682443e+00
1.130053607283379336e+00
1.119491652981659868e+00
1.106486678452293759e+00
1.111258330314402798e+00
1.108188227271883264e+00
1.083628540376244231e+00
1.078490549459321102e+00
1.077334002448949946e+00
1.089294277911921682e+00
1.085957604812881172e+00
1.047243092632191619e+00
1.053028099927526995e+00
1.058522619245167107e+00
1.068784131227712209e+00
1.037833885186611127e+00
1.038786719941882097e+00
1.027726408108557976e+00
1.055448431887592520e+00
1.035772519198609132e+00
1.021773077036426614e+00
9.910108851530967655e-01
1.005351329227305968e+00
9.978503373026157419e-01
9.891949040244973901e-01
9.822640340318002927e-01
9.724029052660192463e-01
9.598445663249162152e-01
9.454138808045193798e-01
9.652917641885174760e-01
9.564733648909982122e-01
9.199803052813173565e-01
9.359078319774187804e-01
9.139320415379312834e-01
9.016670794270744693e-01
9.107118777472713589e-01
8.793389139762908258e-01
8.850446759576726663e-01
8.664181420291754421e-01
8.545868308717121664e-01
8.835471601921476292e-01
8.678902065305322822e-01
8.297878570753631777e-01
8.519472622281600849e-01
8.110145581385310720e-01
7.758359881897867183e-01
8.115207591111222030e-01
7.932084450565017875e-01
7.609239097167410648e-01
7.690191632530076760e-01
7.433890177840130065e-01
7.304659056021911567e-01
7.467053775687517714e-01
7.158654144871707814e-01
6.802704471867624392e-01
6.932315224821472555e-01
6.623371870072904954e-01
6.801594409147941889e-01
6.402302857494408528e-01
6.388447273076867106e-01
6.349116900825588772e-01
6.044036826003864604e-01
5.942679418737135677e-01
5.815147325861609318e-01
5.438153797370013365e-01
5.311119079676451804e-01
5.180957154617633620e-01
5.093554690413384378e-01
4.801246755217700724e-01
4.574821987720092409e-01
4.449456171712888874e-01
4.323043259513230652e-01
3.988244751226925899e-01
3.938102576973356861e-01
3.630284947034034815e-01
3.508964212609786415e-01
3.169788978233718524e-01
3.145116644978021014e-01
2.925762838603649385e-01
2.488716018123700024e-01
2.127538111436422241e-01
1.936701828463256447e-01
1.780967080997211127e-01
1.593274383053540078e-01
1.103677363144530688e-01
7.042765250702487378e-02
4.076811312724437641e-02
-2.122324287251053931e-02
-6.505496024875867533e-02
-1.145949667732715227e-01
-1.581067474420603247e-01
-2.244527498840938051e-01
-3.207384777972421830e-01
-4.313562525892233879e-01
-7.013504882690408948e-01
-7.013504882690408948e-01
-4.313562525892233879e-01
-3.207384777972421830e-01
-2.244527498840938051e-01
-1.581067474420603247e-01
-1.145949667732715227e-01
-6.505496024875867533e-02
-2.122324287251053931e-02
4.076811312724437641e-02
7.042765250702487378e-02
1.103677363144530688e-01
1.593274383053540078e-01
1.780967080997211127e-01
1.936701828463256447e-01
2.127538111436422241e-01
2.488716018123700024e-01
2.925762838603649385e-01
3.145116644978021014e-01
3.169788978233718524e-01
3.508964212609786415e-01
3.630284947034034815e-01
3.938102576973356861e-01
3.988244751226925899e-01
4.323043259513230652e-01
4.449456171712888874e-01
4.574821987720092409e-01
4.801246755217700724e-01
5.093554690413384378e-01
5.180957154617633620e-01
5.311119079676451804e-01
5.438153797370013365e-01
5.815147325861609318e-01
5.942679418737135677e-01
6.044036826003864604e-01
6.349116900825588772e-01
6.388447273076867106e-01
6.402302857494408528e-01
6.801594409147941889e-01
6.623371870072904954e-01
6.932315224821472555e-01
6.802704471867624392e-01
7.158654144871707814e-01
7.467053775687517714e-01
7.304659056021911567e-01
7.433890177840130065e-01
7.690191632530076760e-01
7.609239097167410648e-01
7.932084450565017875e-01
8.115207591111222030e-01
7.758359881897867183e-01
8.110145581385310720e-01
8.519472622281600849e-01
8.297878570753631777e-01
8.678902065305322822e-01
8.835471601921476292e-01
8.545868308717121664e-01
8.664181420291754421e-01
8.850446759576726663e-01
8.793389139762908258e-01
9.107118777472713589e-01
9.016670794270744693e-01
9.139320415379312834e-01
9.359078319774187804e-01
9.199803052813173565e-01
9.564733648909982122e-01
9.652917641885174760e-01
9.454138808045193798e-01
9.598445663249162152e-01
9.724029052660192463e-01
9.822640340318002927e-01
9.891949040244973901e-01
9.978503373026157419e-01
1.005351329227305968e+00
9.910108851530967655e-01
1.021773077036426614e+00
1.035772519198609132e+00
1.055448431887592520e+00
1.027726408108557976e+00
1.038786719941882097e+00
1.037833885186611127e+00
1.068784131227712209e+00
1.058522619245167107e+00
1.053028099927526995e+00
1.047243092632191619e+00
1.085957604812881172e+00
1.089294277911921682e+00
1.077334002448949946e+00
1.078490549459321102e+00
1.083628540376244231e+00
1.108188227271883264e+00
1.111258330314402798e+00
1.106486678452293759e+00
1.119491652981659868e+00
1.130053607283379336e+00
1.121905863500682443e+00
1.134939326302262685e+00
1.104618312728321783e+00
1.116739673260665811e+00
1.119147241061602571e+00
1.151518189274032267e+00
1.138268282508381191e+00
1.130924308252621913e+00
1.137566528093616469e+00
1.138794921684951333e+00
1.160808947545419301e+00
1.146727973425747393e+00
1.135289221337323795e+00
1.159732521176680464e+00
1.160629462666538103e+00
1.162066244522900860e+00
1.157941048107085535e+00
1.164405426876072625e+00
1.146727973425747393e+00
1.152407789902046176e+00
1.164405426876072625e+00
1.162785410321607316e+00
1.149741358671521496e+00
1.147259087893397478e+00
1.142312955216631565e+00
1.143723641396615420e+00
1.144606331894388873e+00
1.141080235152100997e+00
1.134589553650918958e+00
1.142841729354271862e+00
1.151696046099758064e+00
1.147967679597094559e+00
1.144076624104128470e+00
1.140200650259435733e+00
1.128140729558976929e+00
1.146904980240972094e+00
1.110575270178555840e+00
1.131272801024923780e+00
1.138970529728251080e+00
1.131098539457871865e+00
1.110745991476452588e+00
1.097348012719018939e+00
1.098865335778397068e+00
1.096001211168639244e+00
1.098190685727507443e+00
1.089795740521678269e+00
1.092139230044152143e+00
1.084293434017761015e+00
1.086790729913142073e+00
1.058198575172339062e+00
1.060631469081789291e+00
1.062907522738726129e+00
1.033399288118744153e+00
1.050292120108652583e+00
1.040535945163288289e+00
1.009663008219913394e+00
1.005197683993847235e+00
1.008120987868098339e+00
9.904051916154994473e-01
9.842178935246526095e-01
9.623436488457048910e-01
9.610198272211736281e-01
9.583774299115148665e-01
9.321876960516242150e-01
9.240801201707622425e-01
9.104323529376241453e-01
8.979339261112126991e-01
8.764981951231369806e-01
8.830031645306970489e-01
8.608173806223486935e-01
8.369034831913797490e-01
8.164696937724773562e-01
7.871369314544995888e-01
7.667168296095248081e-01
7.546858856497244972e-01
7.321014199854527504e-01
7.219809357681334916e-01
6.810478363091494458e-01
6.685718257424060340e-01
6.369294255942836713e-01
6.125661497822658674e-01
5.725038586406210328e-01
5.519842474907967755e-01
5.135750824099201139e-01
4.846788322225688006e-01
4.614880794126410279e-01
4.127446391537539228e-01
3.552181566790064693e-01
3.245728901488860174e-01
2.653035550731139836e-01
2.136584422202609801e-01
1.743413388794259333e-01
1.040463258101986810e-01
3.965599384027207464e-02
-3.461910737089723966e-02
-1.185480355453751855e-01
-1.917138369251993879e-01
-2.859093965138104210e-01
-4.028659858421637097e-01
-5.356971822421652263e-01
-6.954217276843728257e-01
-8.890298131839458051e-01
-1.128404063288471093e+00
-1.458841860635244458e+00
-1.994941824547550979e+00
-4.398178416622766207e+00
