-4.380029314554445108e+00
-1.971545437729171013e+00
-1.433426623677398482e+00
-1.105021831849454017e+00
-8.601245902811545108e-01
-6.757479993461110723e-01
-5.030953218986269349e-01
-3.838926086016396511e-01
-2.682425368688043932e-01
-1.660038374193835153e-01
-7.817518442789150868e-02
-6.065478297143656050e-03
4.973615675183040707e-02
1.321859175993935764e-01
1.910392470993329539e-01
2.448171323936509935e-01
2.886961387642443810e-01
3.351077101264205993e-01
3.695065437551114940e-01
4.320788474391399347e-01
4.469314605808758500e-01
5.039738853236688243e-01
5.694379646265623762e-01
5.621224519231660111e-01
6.233085355078191725e-01
6.263573183571775616e-01
6.678735163069084990e-01
6.932210018445843502e-01
7.154274657380810254e-01
7.151240676775003635e-01
7.616946432638673770e-01
7.548848932965395164e-01
7.840302709088131650e-01
8.287258070964238499e-01
8.212769830834325546e-01
8.533249661097919159e-01
8.379440355686451625e-01
8.823022586033673065e-01
9.231018439089524463e-01
9.082730272354915257e-01
9.260941782906151332e-01
9.421428565453151549e-01
9.370170740838670298e-01
9.413818215009737145e-01
1.001542971429378426e+00
9.791733548208920723e-01
9.813483433204197581e-01
9.884997444780445619e-01
1.030851350575757053e+00
1.029604208447784330e+00
1.041515330358519620e+00
1.062117099671109344e+00
1.050171565133538820e+00
1.077688348541538943e+00
1.057407178739945053e+00
1.055699965350475722e+00
1.064910697705823139e+00
1.074641556195489400e+00
1.079215232904058297e+00
1.065556483973018942e+00
1.110027822336428827e+00
1.089307464241564105e+00
1.108453195984759887e+00
1.094613689382404331e+00
1.136027006264482608e+00
1.097055151032389375e+00
1.119300759979710236e+00
1.110027822336428827e+00
1.130956702708070694e+00
1.138108653830100181e+00
1.147179538214958328e+00
1.147880718563891733e+00
1.142052516963126152e+00
1.155861981588476084e+00
1.127972653667191238e+00
1.121120182815021238e+00
1.141820093952201631e+00
1.147646937148449453e+00
1.124312159989402815e+00
1.133258199696349777e+00
1.164620470528156204e+00
1.153507931537166797e+00
1.145312124040163582e+00
1.141587724949181037e+00
1.149050446150770455e+00
1.134410937576157963e+00
1.153037785783325830e+00
1.146945920645855210e+00
1.142750110294519672e+00
1.135103218669920366e+00
1.136720407424821389e+00
1.139266999841698436e+00
1.133027811491206904e+00
1.123855538976902935e+00
1.134872405050892041e+00
1.154684263869025784e+00
1.129119311286235217e+00
1.140194643693007492e+00
1.142284994007065180e+00
1.130726844070121473e+00
1.117484641432863413e+00
1.124312159989402815e+00
1.133258199696349777e+00
1.119755305442081905e+00
1.083152245863399088e+00
1.102402757358984076e+00
1.091073079354842434e+00
1.107329978973487172e+00
1.081619342902550684e+00
1.087765104125297810e+00
1.081181801876098802e+00
1.056339828868095410e+00
1.095278951631133424e+00
1.069223837883800599e+00
1.040674817596281443e+00
1.047207345304821402e+00
1.039625169132113669e+00
1.033141825288737436e+00
1.032933383391160476e+00
1.044884463888681836e+00
1.028151172385179279e+00
1.013735766251443238e+00
1.024011236851105622e+00
9.977127077001259892e-01
9.886991263947653152e-01
9.766089979565233392e-01
9.908949552039985065e-01
9.787784101080170274e-01
9.716959488678735823e-01
9.689551484050742403e-01
9.679781087572472131e-01
9.375853097275310688e-01
9.244098885689666645e-01
9.164016513391324281e-01
9.201184368853407847e-01
9.311641356345301546e-01
9.199322691476723435e-01
9.073534869408117487e-01
9.257196464510304423e-01
8.767600972824638461e-01
8.792592060447752544e-01
8.797955428771544462e-01
8.611928273104059173e-01
8.534991366231636789e-01
8.333242994031220263e-01
8.192550784350594029e-01
8.158942955708745615e-01
8.009090001684793236e-01
7.941561127757488237e-01
7.841927800503096790e-01
7.760995018176828353e-01
7.632849743878544757e-01
7.476510199526114064e-01
7.395361189918290279e-01
7.368973902585587155e-01
6.935178258301402110e-01
6.858288924891535743e-01
6.883360835377754228e-01
6.709163354335920815e-01
6.608094056221336388e-01
6.482467850169246759e-01
6.228935116379901160e-01
5.999228543984020945e-01
5.905053221291876042e-01
5.997876918652504941e-01
5.700937453569956403e-01
5.679967590053394133e-01
5.452155511757847961e-01
5.359167133928099958e-01
5.055716242489438628e-01
5.076648343957366194e-01
4.686242851921349484e-01
4.660198087583662385e-01
4.374647540012865932e-01
4.146319338354196304e-01
3.951684934190442533e-01
3.860680523441128997e-01
3.630859759521900543e-01
3.539544620863566138e-01
3.291097603972588104e-01
3.054713698874422789e-01
2.674364597895646511e-01
2.522365519513680709e-01
2.263198208177374937e-01
1.831673037745442656e-01
1.810311213867787927e-01
1.354936683783201090e-01
1.302403094062416500e-01
9.348641105117394545e-02
4.499109709221293940e-02
6.176392876705349977e-03
-2.982060290857901919e-02
-6.212947050341277588e-02
-1.082500985273249228e-01
-1.785559115463399849e-01
-2.299609038036809494e-01
-2.957181761852094581e-01
-3.953494446358725156e-01
-5.019283034978521130e-01
-7.666459243080474550e-01
-7.666459243080474550e-01
-5.019283034978521130e-01
-3.953494446358725156e-01
-2.957181761852094581e-01
-2.299609038036809494e-01
-1.785559115463399849e-01
-1.082500985273249228e-01
-6.212947050341277588e-02
-2.982060290857901919e-02
6.176392876705349977e-03
4.499109709221293940e-02
9.348641105117394545e-02
1.302403094062416500e-01
1.354936683783201090e-01
1.810311213867787927e-01
1.831673037745442656e-01
2.263198208177374937e-01
2.522365519513680709e-01
2.674364597895646511e-01
3.054713698874422789e-01
3.291097603972588104e-01
3.539544620863566138e-01
3.630859759521900543e-01
3.860680523441128997e-01
3.951684934190442533e-01
4.146319338354196304e-01
4.374647540012865932e-01
4.660198087583662385e-01
4.686242851921349484e-01
5.076648343957366194e-01
5.055716242489438628e-01
5.359167133928099958e-01
5.452155511757847961e-01
5.679967590053394133e-01
5.700937453569956403e-01
5.997876918652504941e-01
5.905053221291876042e-01
5.999228543984020945e-01
6.228935116379901160e-01
6.482467850169246759e-01
6.608094056221336388e-01
6.709163354335920815e-01
6.883360835377754228e-01
6.858288924891535743e-01
6.935178258301402110e-01
7.368973902585587155e-01
7.395361189918290279e-01
7.476510199526114064e-01
7.632849743878544757e-01
7.760995018176828353e-01
7.841927800503096790e-01
7.941561127757488237e-01
8.009090001684793236e-01
8.158942955708745615e-01
8.192550784350594029e-01
8.333242994031220263e-01
8.534991366231636789e-01
8.611928273104059173e-01
8.797955428771544462e-01
8.792592060447752544e-01
8.767600972824638461e-01
9.257196464510304423e-01
9.073534869408117487e-01
9.199322691476723435e-01
9.311641356345301546e-01
9.201184368853407847e-01
9.164016513391324281e-01
9.244098885689666645e-01
9.375853097275310688e-01
9.679781087572472131e-01
9.689551484050742403e-01
9.716959488678735823e-01
9.787784101080170274e-01
9.908949552039985065e-01
9.766089979565233392e-01
9.886991263947653152e-01
9.977127077001259892e-01
1.024011236851105622e+00
1.013735766251443238e+00
1.028151172385179279e+00
1.044884463888681836e+00
1.032933383391160476e+00
1.033141825288737436e+00
1.039625169132113669e+00
1.047207345304821402e+00
1.040674817596281443e+00
1.069223837883800599e+00
1.095278951631133424e+00
1.056339828868095410e+00
1.081181801876098802e+00
1.087765104125297810e+00
1.081619342902550684e+00
1.107329978973487172e+00
1.091073079354842434e+00
1.102402757358984076e+00
1.083152245863399088e+00
1.119755305442081905e+00
1.133258199696349777e+00
1.124312159989402815e+00
1.117484641432863413e+00
1.130726844070121473e+00
1.142284994007065180e+00
1.140194643693007492e+00
1.129119311286235217e+00
1.154684263869025784e+00
1.134872405050892041e+00
1.123855538976902935e+00
1.133027811491206904e+00
1.139266999841698436e+00
1.136720407424821389e+00
1.135103218669920366e+00
1.142750110294519672e+00
1.146945920645855210e+00
1.153037785783325830e+00
1.134410937576157963e+00
1.149050446150770455e+00
1.141587724949181037e+00
1.145312124040163582e+00
1.153507931537166797e+00
1.164620470528156204e+00
1.133258199696349777e+00
1.124312159989402815e+00
1.147646937148449453e+00
1.141820093952201631e+00
1.121120182815021238e+00
1.127972653667191238e+00
1.155861981588476084e+00
1.142052516963126152e+00
1.147880718563891733e+00
1.147179538214958328e+00
1.138108653830100181e+00
1.130956702708070694e+00
1.110027822336428827e+00
1.119300759979710236e+00
1.097055151032389375e+00
1.136027006264482608e+00
1.094613689382404331e+00
1.108453195984759887e+00
1.089307464241564105e+00
1.110027822336428827e+00
1.065556483973018942e+00
1.079215232904058297e+00
1.074641556195489400e+00
1.064910697705823139e+00
1.055699965350475722e+00
1.057407178739945053e+00
1.077688348541538943e+00
1.050171565133538820e+00
1.062117099671109344e+00
1.041515330358519620e+00
1.029604208447784330e+00
1.030851350575757053e+00
9.884997444780445619e-01
9.813483433204197581e-01
9.791733548208920723e-01
1.001542971429378426e+00
9.413818215009737145e-01
9.370170740838670298e-01
9.421428565453151549e-01
9.260941782906151332e-01
9.082730272354915257e-01
9.231018439089524463e-01
8.823022586033673065e-01
8.379440355686451625e-01
8.533249661097919159e-01
8.212769830834325546e-01
8.287258070964238499e-01
7.840302709088131650e-01
7.548848932965395164e-01
7.616946432638673770e-01
7.151240676775003635e-01
7.154274657380810254e-01
6.932210018445843502e-01
6.678735163069084990e-01
6.263573183571775616e-01
6.233085355078191725e-01
5.621224519231660111e-01
5.694379646265623762e-01
5.039738853236688243e-01
4.469314605808758500e-01
4.320788474391399347e-01
3.695065437551114940e-01
3.351077101264205993e-01
2.886961387642443810e-01
2.448171323936509935e-01
1.910392470993329539e-01
1.321859175993935764e-01
4.973615675183040707e-02
-6.065478297143656050e-03
-7.817518442789150868e-02
-1.660038374193835153e-01
-2.682425368688043932e-01
-3.838926086016396511e-01
-5.030953218986269349e-01
-6.757479993461110723e-01
-8.601245902811545108e-01
-1.105021831849454017e+00
-1.433426623677398482e+00
-1.971545437729171013e+00
-4.380029314554445108e+00
