-4.867334172711577978e+00 -2.644462324603449765e+00 -2.223857928615764923e+00 -1.998110440646252428e+00 -1.862734415796162502e+00 -1.790680478025615141e+00 -1.776800939417794378e+00 -1.736694679087203319e+00 -1.742427471455290533e+00 -1.865661483667184761e+00 -1.783263528672457188e+00 -1.588100991228647452e+00 -1.514103461396535844e+00 -1.491673080112835725e+00 -1.499582364081786245e+00 -1.548677032328467540e+00 -1.658458809552952440e+00 -1.844342759019047318e+00 -2.191302023433946200e+00 -3.765707294245285386e+00
-2.442605175486065594e+00 -2.197333273779369378e-01 2.008710686097479048e-01 4.266185565792603995e-01 5.619945814293503261e-01 6.340485191998976866e-01 6.479280578077184494e-01 6.880343181383095086e-01 6.823015257702222947e-01 5.590675135583280664e-01 6.414654685530556399e-01 8.366280059968653759e-01 9.106255358289769841e-01 9.330559171126771023e-01 9.251466331437265822e-01 8.760519648970452877e-01 7.662701876725603878e-01 5.803862382064655101e-01 2.334269737915666276e-01 -1.340978297019772558e+00
-2.251385945747130801e+00 -2.851409763900214500e-02 3.920902983486826976e-01 6.178377863181951923e-01 7.532138111682851189e-01 8.252677489388324794e-01 8.391472875466532422e-01 8.792535478772443014e-01 8.735207555091570875e-01 7.502867432972628592e-01 8.326846982919904328e-01 1.027847235735800169e+00 1.101844765567911777e+00 1.124275146851611895e+00 1.116365862882661375e+00 1.067271194635980081e+00 9.574894174114951806e-01 7.716054679454003029e-01 4.246462035305014204e-01 -1.149759067280837765e+00
-2.256226544774040388e+00 -3.335469666591173166e-02 3.872496993217731109e-01 6.129971872912856057e-01 7.483732121413755323e-01 8.204271499119228928e-01 8.343066885197436555e-01 8.744129488503347147e-01 8.686801564822475008e-01 7.454461442703532725e-01 8.278440992650808461e-01 1.023006636708890582e+00 1.097004166541002190e+00 1.119434547824702308e+00 1.111525263855751788e+00 1.062430595609070494e+00 9.526488183845855939e-01 7.667648689184907163e-01 4.198056045035918338e-01 -1.154599666307747352e+00
-2.025955355922074208e+00 1.969164921860544482e-01 6.175208881737392907e-01 8.432683761432517855e-01 9.786444009933417121e-01 1.050698338763889073e+00 1.064577877371709835e+00 1.104684137702300895e+00 1.098951345334213681e+00 9.757173331223194523e-01 1.058115288117047026e+00 1.253277825560856762e+00 1.327275355392968370e+00 1.349705736676668488e+00 1.341796452707717968e+00 1.292701784461036674e+00 1.182920007236551774e+00 9.970360577704568961e-01 6.500767933555580136e-01 -9.243284774557811723e-01
-1.565643673907592959e+00 6.572281742005356975e-01 1.077832570188220540e+00 1.303580058157733035e+00 1.438956083007822961e+00 1.511010020778370322e+00 1.524889559386191085e+00 1.564995819716782144e+00 1.559263027348694930e+00 1.436029015136800702e+00 1.518426970131528275e+00 1.713589507575338011e+00 1.787587037407449619e+00 1.810017418691149738e+00 1.802108134722199217e+00 1.753013466475517923e+00 1.643231689251033023e+00 1.457347739784938145e+00 1.110388475370039263e+00 -4.640167954412999229e-01
-1.015720479771226925e+00 1.207151368336901731e+00 1.627755764324586574e+00 1.853503252294099068e+00 1.988879277144188995e+00 2.060933214914736133e+00 2.074812753522556896e+00 2.114919013853148400e+00 2.109186221485060742e+00 1.985952209273166735e+00 2.068350164267894087e+00 2.263512701711704267e+00 2.337510231543815653e+00 2.359940612827515771e+00 2.352031328858565473e+00 2.302936660611884179e+00 2.193154883387399057e+00 2.007270933921303957e+00 1.660311669506405297e+00 8.590639869506611070e-02
-4.365642499386361841e-01 1.786307598169492472e+00 2.206911994157177315e+00 2.432659482126689809e+00 2.568035506976779736e+00 2.640089444747327097e+00 2.653968983355147859e+00 2.694075243685738918e+00 2.688342451317651705e+00 2.565108439105757476e+00 2.647506394100485050e+00 2.842668931544294786e+00 2.916666461376406616e+00 2.939096842660106290e+00 2.931187558691155992e+00 2.882092890444474698e+00 2.772311113219990020e+00 2.586427163753894920e+00 2.239467899338996038e+00 6.650626285276568517e-01
1.067758367532043451e-01 2.329647684861333001e+00 2.750252080849017844e+00 2.975999568818530339e+00 3.111375593668620265e+00 3.183429531439167626e+00 3.197309070046988388e+00 3.237415330377579448e+00 3.231682538009492234e+00 3.108448525797598005e+00 3.190846480792325579e+00 3.386009018236135315e+00 3.460006548068246701e+00 3.482436929351947263e+00 3.474527645382996521e+00 3.425432977136315227e+00 3.315651199911830105e+00 3.129767250445735449e+00 2.782807986030836567e+00 1.208402715219497381e+00
6.509190405264413393e-01 2.873790888634569995e+00 3.294395284622254838e+00 3.520142772591767333e+00 3.655518797441857259e+00 3.727572735212404620e+00 3.741452273820225383e+00 3.781558534150816442e+00 3.775825741782729228e+00 3.652591729570835000e+00 3.734989684565562573e+00 3.930152222009372309e+00 4.004149751841484139e+00 4.026580133125183814e+00 4.018670849156233515e+00 3.969576180909552221e+00 3.859794403685067543e+00 3.673910454218972443e+00 3.326951189804073561e+00 1.752545918992734375e+00
1.182060472242042248e+00 3.404932320350170905e+00 3.825536716337855747e+00 4.051284204307368242e+00 4.186660229157458168e+00 4.258714166928005085e+00 4.272593705535825848e+00 4.312699965866417351e+00 4.306967173498330581e+00 4.183733161286435909e+00 4.266131116281163926e+00 4.461293653724973218e+00 4.535291183557085049e+00 4.557721564840784723e+00 4.549812280871834425e+00 4.500717612625153130e+00 4.390935835400668452e+00 4.205051885934572908e+00 3.858092621519674470e+00 2.283687350708335284e+00
1.631386311811742651e+00 3.854258159919871307e+00 4.274862555907556150e+00 4.500610043877069089e+00 4.635986068727158127e+00 4.708040006497705932e+00 4.721919545105526694e+00 4.762025805436117309e+00 4.756293013068030540e+00 4.633059000856135867e+00 4.715456955850863885e+00 4.910619493294673177e+00 4.984617023126785007e+00 5.007047404410485569e+00 4.999138120441534383e+00 4.950043452194853089e+00 4.840261674970368411e+00 4.654377725504273755e+00 4.307418461089374873e+00 2.733013190278035687e+00
2.028493556279326704e+00 4.251365404387454916e+00 4.671969800375140203e+00 4.897717288344653142e+00 5.033093313194742180e+00 5.105147250965289984e+00 5.119026789573110747e+00 5.159133049903701362e+00 5.153400257535614593e+00 5.030166245323719920e+00 5.112564200318447938e+00 5.307726737762257230e+00 5.381724267594369060e+00 5.404154648878069622e+00 5.396245364909118436e+00 5.347150696662437142e+00 5.237368919437952464e+00 5.051484969971857808e+00 4.704525705556958926e+00 3.130120434745619740e+00
2.396871485300718696e+00 4.619743333408846908e+00 5.040347729396532195e+00 5.266095217366045134e+00 5.401471242216134172e+00 5.473525179986681977e+00 5.487404718594502739e+00 5.527510978925093355e+00 5.521778186557006585e+00 5.398544174345111912e+00 5.480942129339839930e+00 5.676104666783649222e+00 5.750102196615761052e+00 5.772532577899461614e+00 5.764623293930510428e+00 5.715528625683829134e+00 5.605746848459344456e+00 5.419862898993249800e+00 5.072903634578350918e+00 3.498498363767011732e+00
2.757480835855812273e+00 4.980352683963941374e+00 5.400957079951625772e+00 5.626704567921137823e+00 5.762080592771228638e+00 5.834134530541775554e+00 5.848014069149596317e+00 5.888120329480187820e+00 5.882387537112100162e+00 5.759153524900206378e+00 5.841551479894933507e+00 6.036714017338743687e+00 6.110711547170854629e+00 6.133141928454555192e+00 6.125232644485604894e+00 6.076137976238923599e+00 5.966356199014438033e+00 5.780472249548343378e+00 5.433512985133444495e+00 3.859107714322105309e+00
3.117371975988303845e+00 5.340243824096432945e+00 5.760848220084117344e+00 5.986595708053629394e+00 6.121971732903720209e+00 6.194025670674267126e+00 6.207905209282087888e+00 6.248011469612679392e+00 6.242278677244591734e+00 6.119044665032697949e+00 6.201442620027425079e+00 6.396605157471235259e+00 6.470602687303346201e+00 6.493033068587046763e+00 6.485123784618096465e+00 6.436029116371415171e+00 6.326247339146929605e+00 6.140363389680834949e+00 5.793404125265936067e+00 4.218998854454596881e+00
3.477874185205615198e+00 5.700746033313743411e+00 6.121350429301428697e+00 6.347097917270941636e+00 6.482473942121030674e+00 6.554527879891578479e+00 6.568407418499399242e+00 6.608513678829989857e+00 6.602780886461903087e+00 6.479546874250008415e+00 6.561944829244736432e+00 6.757107366688545724e+00 6.831104896520657555e+00 6.853535277804358117e+00 6.845625993835406931e+00 6.796531325588725636e+00 6.686749548364240958e+00 6.500865598898146303e+00 6.153906334483247420e+00 4.579501063671908234e+00
3.885943229799947218e+00 6.108815077908076319e+00 6.529419473895760717e+00 6.755166961865272768e+00 6.890542986715363583e+00 6.962596924485910499e+00 6.976476463093731262e+00 7.016582723424322765e+00 7.010849931056235107e+00 6.887615918844341323e+00 6.970013873839068452e+00 7.165176411282878632e+00 7.239173941114989574e+00 7.261604322398690137e+00 7.253695038429739839e+00 7.204600370183058544e+00 7.094818592958572978e+00 6.908934643492478322e+00 6.561975379077579440e+00 4.987570108266240254e+00
4.432191060539606653e+00 6.655062908647735753e+00 7.075667304635420152e+00 7.301414792604932202e+00 7.436790817455023017e+00 7.508844755225569934e+00 7.522724293833390696e+00 7.562830554163982200e+00 7.557097761795894542e+00 7.433863749584000757e+00 7.516261704578727887e+00 7.711424242022538067e+00 7.785421771854649009e+00 7.807852153138349571e+00 7.799942869169399273e+00 7.750848200922717979e+00 7.641066423698232413e+00 7.455182474232137757e+00 7.108223209817238875e+00 5.533817939005899689e+00
5.472946074482520018e+00 7.695817922590649118e+00 8.116422318578333517e+00 8.342169806547845567e+00 8.477545831397936382e+00 8.549599769168484187e+00 8.563479307776304950e+00 8.603585568106895565e+00 8.597852775738807907e+00 8.474618763526914123e+00 8.557016718521641252e+00 8.752179255965451432e+00 8.826176785797562374e+00 8.848607167081262048e+00 8.840697883112312638e+00 8.791603214865631344e+00 8.681821437641145778e+00 8.495937488175052010e+00 8.148978223760153128e+00 6.574572952948813054e+00
