-5.213332536715741483e+00 -2.726223087483071961e+00 -2.420719687917107343e+00 -2.365166645231320697e+00 -2.370266666018679302e+00 -2.247082975460878984e+00 -2.006502399921353597e+00 -1.670410213447239833e+00 -1.344463050150435990e+00 -1.012558901902187447e+00 -5.782582096928079451e-01 -2.356751276993738209e-01 4.372926139853072769e-02 2.827392452328822969e-01 4.988602704233797702e-01 6.966573333885066610e-01 8.785780935938869440e-01 1.062785151127736416e+00 1.244217984651462050e+00 1.566378225967925975e+00
-2.711828731659561065e+00 -2.247192824268915423e-01 8.078411713907307501e-02 1.363371598248597216e-01 1.312371390375011160e-01 2.544208295953014343e-01 4.950014051348268218e-01 8.310935916089405850e-01 1.157040754905744429e+00 1.488944903153992971e+00 1.923245595363372473e+00 2.265828677356806597e+00 2.545233066454711146e+00 2.784243050289062715e+00 3.000364075479560189e+00 3.198161138444687079e+00 3.380081898650067362e+00 3.564288956183916834e+00 3.745721789707642468e+00 4.067882031024106837e+00
-2.376771226196498610e+00 1.103382230361709126e-01 4.158416226021355300e-01 4.713946652879221766e-01 4.662946445005635709e-01 5.894783350583638892e-01 8.300589105978892768e-01 1.166151097072003040e+00 1.492098260368806883e+00 1.824002408617055426e+00 2.258303100826434928e+00 2.600886182819869052e+00 2.880290571917773601e+00 3.119300555752125170e+00 3.335421580942622644e+00 3.533218643907749534e+00 3.715139404113129817e+00 3.899346461646979289e+00 4.080779295170705367e+00 4.402939536487169292e+00
-2.271894913532030102e+00 2.152145357006394200e-01 5.207179352666040373e-01 5.762709779523906839e-01 5.711709571650320783e-01 6.943546477228323965e-01 9.349352232623577841e-01 1.271027409736471547e+00 1.596974573033275391e+00 1.928878721281523934e+00 2.363179413490903436e+00 2.705762495484337560e+00 2.985166884582242108e+00 3.224176868416593678e+00 3.440297893607091151e+00 3.638094956572218042e+00 3.820015716777598325e+00 4.004222774311447353e+00 4.185655607835172987e+00 4.507815849151636911e+00
-2.283883271056573072e+00 2.032261781760964503e-01 5.087295777420610676e-01 5.642826204278477142e-01 5.591825996404891086e-01 6.823662901982894269e-01 9.229468657378148144e-01 1.259039052211928578e+00 1.584986215508732421e+00 1.916890363756980964e+00 2.351191055966360466e+00 2.693774137959794590e+00 2.973178527057699139e+00 3.212188510892050708e+00 3.428309536082548181e+00 3.626106599047675072e+00 3.808027359253055355e+00 3.992234416786904827e+00 4.173667250310630905e+00 4.495827491627094830e+00
-2.244499810512007976e+00 2.426096387206615468e-01 5.481130382866261641e-01 6.036660809724128107e-01 5.985660601850542051e-01 7.217497507428545234e-01 9.623303262823799109e-01 1.298422512756493674e+00 1.624369676053297518e+00 1.956273824301546060e+00 2.390574516510925562e+00 2.733157598504359687e+00 3.012561987602264235e+00 3.251571971436615804e+00 3.467692996627113278e+00 3.665490059592240168e+00 3.847410819797620452e+00 4.031617877331470368e+00 4.213050710855196002e+00 4.535210952171659926e+00
-2.111794701844417865e+00 3.753147473882516572e-01 6.808181469542162745e-01 7.363711896400029211e-01 7.312711688526443155e-01 8.544548594104446337e-01 1.095035434949970021e+00 1.431127621424083785e+00 1.757074784720887628e+00 2.088978932969136171e+00 2.523279625178515673e+00 2.865862707171949797e+00 3.145267096269854346e+00 3.384277080104205915e+00 3.600398105294703388e+00 3.798195168259830279e+00 3.980115928465210562e+00 4.164322985999060478e+00 4.345755819522786112e+00 4.667916060839250036e+00
-1.866270319156271729e+00 6.208391300763977938e-01 9.263425296423624111e-01 9.818955723281490577e-01 9.767955515407904521e-01 1.099979242098590770e+00 1.340559817638116158e+00 1.676652004112229921e+00 2.002599167409033765e+00 2.334503315657282307e+00 2.768804007866661809e+00 3.111387089860095934e+00 3.390791478958000482e+00 3.629801462792352051e+00 3.845922487982849525e+00 4.043719550947976416e+00 4.225640311153356699e+00 4.409847368687206171e+00 4.591280202210931805e+00 4.913440443527395729e+00
-1.621540723718630339e+00 8.655687255140391834e-01 1.171072125080003801e+00 1.226625167765790447e+00 1.221525146978431842e+00 1.344708837536232160e+00 1.585289413075757547e+00 1.921381599549871311e+00 2.247328762846675154e+00 2.579232911094923697e+00 3.013533603304303199e+00 3.356116685297737323e+00 3.635521074395641872e+00 3.874531058229993441e+00 4.090652083420490470e+00 4.288449146385618249e+00 4.470369906590997644e+00 4.654576964124848004e+00 4.836009797648573638e+00 5.158170038965037563e+00
-1.380586876169582755e+00 1.106522573063086767e+00 1.412025972629051385e+00 1.467579015314838031e+00 1.462478994527479426e+00 1.585662685085279744e+00 1.826243260624805131e+00 2.162335447098918895e+00 2.488282610395722738e+00 2.820186758643971281e+00 3.254487450853350783e+00 3.597070532846784907e+00 3.876474921944689456e+00 4.115484905779041469e+00 4.331605930969538498e+00 4.529402993934665389e+00 4.711323754140045672e+00 4.895530811673895144e+00 5.076963645197620778e+00 5.399123886514084703e+00
-9.896435097937421599e-01 1.497465939438927363e+00 1.802969339004891980e+00 1.858522381690678626e+00 1.853422360903320021e+00 1.976606051461120339e+00 2.217186627000645949e+00 2.553278813474759268e+00 2.879225976771563111e+00 3.211130125019812098e+00 3.645430817229191156e+00 3.988013899222625724e+00 4.267418288320530273e+00 4.506428272154881398e+00 4.722549297345379316e+00 4.920346360310506206e+00 5.102267120515886489e+00 5.286474178049735961e+00 5.467907011573461595e+00 5.790067252889925520e+00
-6.779868547238516729e-01 1.809122594508817850e+00 2.114625994074782689e+00 2.170179036760568891e+00 2.165079015973210730e+00 2.288262706531011048e+00 2.528843282070535992e+00 2.864935468544650199e+00 3.190882631841454042e+00 3.522786780089702141e+00 3.957087472299082087e+00 4.299670554292515767e+00 4.579074943390420316e+00 4.818084927224772329e+00 5.034205952415269358e+00 5.232003015380396249e+00 5.413923775585776532e+00 5.598130833119626004e+00 5.779563666643351638e+00 6.101723907959815563e+00
-4.426281441064756628e-01 2.044481305126193860e+00 2.349984704692158477e+00 2.405537747377945124e+00 2.400437726590586518e+00 2.523621417148386836e+00 2.764201992687912224e+00 3.100294179162025987e+00 3.426241342458829831e+00 3.758145490707078373e+00 4.192446182916457431e+00 4.535029264909891999e+00 4.814433654007796548e+00 5.053443637842148561e+00 5.269564663032645591e+00 5.467361725997772481e+00 5.649282486203152764e+00 5.833489543737002236e+00 6.014922377260727870e+00 6.337082618577191795e+00
-2.420707620923794323e-01 2.245038687140290090e+00 2.550542086706254707e+00 2.606095129392041354e+00 2.600995108604682748e+00 2.724178799162483067e+00 2.964759374702008454e+00 3.300851561176122217e+00 3.626798724472926061e+00 3.958702872721174604e+00 4.393003564930554106e+00 4.735586646923987786e+00 5.014991036021893223e+00 5.254001019856244348e+00 5.470122045046741377e+00 5.667919108011869156e+00 5.849839868217248551e+00 6.034046925751098911e+00 6.215479759274824545e+00 6.537640000591288469e+00
-7.466807013924192660e-02 2.412441379093427596e+00 2.717944778659392213e+00 2.773497821345178860e+00 2.768397800557820254e+00 2.891581491115620572e+00 3.132162066655145960e+00 3.468254253129259723e+00 3.794201416426063567e+00 4.126105564674311665e+00 4.560406256883691611e+00 4.902989338877125292e+00 5.182393727975030728e+00 5.421403711809381853e+00 5.637524736999878883e+00 5.835321799965006662e+00 6.017242560170386056e+00 6.201449617704236417e+00 6.382882451227962051e+00 6.705042692544425975e+00
7.135620609547865811e-02 2.558465655328148181e+00 2.863969054894112798e+00 2.919522097579899444e+00 2.914422076792540839e+00 3.037605767350341157e+00 3.278186342889866545e+00 3.614278529363980308e+00 3.940225692660784151e+00 4.272129840909032694e+00 4.706430533118412640e+00 5.049013615111846320e+00 5.328418004209750869e+00 5.567427988044101994e+00 5.783549013234599911e+00 5.981346076199726802e+00 6.163266836405107085e+00 6.347473893938956557e+00 6.528906727462682191e+00 6.851066968779146116e+00
1.949805652102436504e-01 2.682090014442913173e+00 2.987593414008877790e+00 3.043146456694664437e+00 3.038046435907305831e+00 3.161230126465106149e+00 3.401810702004631537e+00 3.737902888478745300e+00 4.063850051775549588e+00 4.395754200023797686e+00 4.830054892233176744e+00 5.172637974226611313e+00 5.452042363324515861e+00 5.691052347158867875e+00 5.907173372349364904e+00 6.104970435314491795e+00 6.286891195519872078e+00 6.471098253053721550e+00 6.652531086577447184e+00 6.974691327893911108e+00
2.894618447815076046e-01 2.776571294014177127e+00 3.082074693580141744e+00 3.137627736265928391e+00 3.132527715478569785e+00 3.255711406036370104e+00 3.496291981575895491e+00 3.832384168050009254e+00 4.158331331346813542e+00 4.490235479595061641e+00 4.924536171804440698e+00 5.267119253797875267e+00 5.546523642895779815e+00 5.785533626730131829e+00 6.001654651920628858e+00 6.199451714885755749e+00 6.381372475091136032e+00 6.565579532624985504e+00 6.747012366148711138e+00 7.069172607465175062e+00
3.536012439820299669e-01 2.840710693214699489e+00 3.146214092780664107e+00 3.201767135466450753e+00 3.196667114679092148e+00 3.319850805236892466e+00 3.560431380776417853e+00 3.896523567250531617e+00 4.222470730547335904e+00 4.554374878795584003e+00 4.988675571004963061e+00 5.331258652998397629e+00 5.610663042096302178e+00 5.849673025930654191e+00 6.065794051121151220e+00 6.263591114086278111e+00 6.445511874291658394e+00 6.629718931825507866e+00 6.811151765349233500e+00 7.133312006665697425e+00
3.903625018768455135e-01 2.877471951109515036e+00 3.182975350675479653e+00 3.238528393361266300e+00 3.233428372573907694e+00 3.356612063131708013e+00 3.597192638671233400e+00 3.933284825145347163e+00 4.259231988442151007e+00 4.591136136690399994e+00 5.025436828899779051e+00 5.368019910893213620e+00 5.647424299991117280e+00 5.886434283825469294e+00 6.102555309015967211e+00 6.300352371981093214e+00 6.482273132186474385e+00 6.666480189720322969e+00 6.847913023244048603e+00 7.170073264560512527e+00
