-4.434851425912922807e+00
-2.043958236283366148e+00
-1.503973440606864997e+00
-1.170753138056475962e+00
-9.330038499128114893e-01
-7.401911148426396636e-01
-5.822031000871721318e-01
-4.384785516197293731e-01
-3.313314754540943596e-01
-2.309005575479385897e-01
-1.442124078164166434e-01
-6.099562343080933147e-02
1.810395486979032853e-02
7.934363848314340828e-02
1.426885615045065947e-01
1.834543272862383390e-01
2.437100264404890027e-01
2.950863925043503144e-01
3.348443193998669187e-01
3.877103455572399326e-01
4.108843325439366367e-01
4.599140131434502621e-01
4.961463444914642196e-01
5.195892578552321339e-01
5.721524801400583726e-01
5.893613178206980052e-01
6.252558427433090316e-01
6.517164319773254277e-01
6.696451345972711522e-01
6.896319481336927737e-01
7.044659282334837513e-01
7.413847215642803690e-01
7.593675070405225824e-01
7.668968531411461953e-01
8.053433753068848233e-01
8.242966364363262244e-01
8.265097864982884346e-01
8.404346951181551617e-01
8.820381642108294784e-01
8.791349363651690396e-01
8.963543351855669528e-01
9.136253507750797809e-01
9.161291077164914753e-01
9.331529471285442412e-01
9.424609004149662184e-01
9.697693197160344170e-01
9.613408238147460594e-01
9.781805428859851048e-01
9.877397348087324502e-01
9.874704712429540621e-01
1.016238954979108655e+00
1.013195654802080625e+00
1.031689746339532476e+00
1.037144989364209735e+00
1.037427968189849281e+00
1.066526499014043949e+00
1.060715907418579462e+00
1.071101829458443788e+00
1.074522641082417351e+00
1.066040991406314475e+00
1.092302643245808724e+00
1.094098154950128077e+00
1.101513761635390054e+00
1.107465859913823181e+00
1.093698873651151260e+00
1.117329176440938099e+00
1.126671680613254622e+00
1.135998173087349628e+00
1.129253659842667901e+00
1.144152096583228584e+00
1.147937988159515754e+00
1.130495381856519543e+00
1.146674431078691825e+00
1.151738267197449872e+00
1.153961784445799665e+00
1.161836678818369606e+00
1.154597984233985741e+00
1.162264120585938088e+00
1.157146838630046304e+00
1.160875602338819590e+00
1.154597984233985741e+00
1.167085472401478086e+00
1.169774079710139247e+00
1.153537876003674967e+00
1.152690597833943897e+00
1.182999204716621122e+00
1.172469935119737627e+00
1.170635962978318290e+00
1.166548617285775080e+00
1.155871599349893586e+00
1.165261339699734222e+00
1.156402751431219400e+00
1.166119340610370259e+00
1.163654569497051483e+00
1.187373664885727820e+00
1.164404074323615035e+00
1.151209586244082317e+00
1.161943522132750317e+00
1.168590201834149411e+00
1.180492528018540099e+00
1.154385872662503587e+00
1.142055000291973599e+00
1.143732325352381451e+00
1.140694242244560286e+00
1.146674431078691825e+00
1.165261339699734222e+00
1.124816774887676729e+00
1.124199236786536105e+00
1.140380483940464984e+00
1.125949919484845907e+00
1.139230878337553321e+00
1.143522505796429556e+00
1.106960068592535151e+00
1.102922921405564693e+00
1.118965503253178895e+00
1.107769457548092973e+00
1.111318257216781902e+00
1.102520101661950136e+00
1.097198002440091358e+00
1.087728706664647049e+00
1.088919892034800441e+00
1.091406094896667511e+00
1.080315774275522500e+00
1.071492187617007374e+00
1.073152911878930027e+00
1.083076844957721718e+00
1.036485016681977456e+00
1.056091621721465756e+00
1.054075201623005498e+00
1.042914690874855665e+00
1.043958680909410575e+00
1.044338584038682072e+00
1.022446414574231355e+00
1.014762258817825114e+00
9.976631360424583761e-01
9.936819509070939915e-01
9.697693197160344170e-01
9.791590600658732768e-01
9.808514846447842217e-01
9.657217998920781810e-01
9.717992396575869662e-01
9.360470587842861789e-01
9.485708114235311683e-01
9.283197669056928447e-01
9.378387916982440231e-01
9.137087084211081844e-01
9.113773168571963623e-01
9.036725440584838509e-01
9.119596553787072679e-01
8.824420577499854090e-01
8.656968842031282918e-01
8.594396858542321382e-01
8.443935592057574269e-01
8.408996311978196303e-01
8.246778647585824018e-01
8.038484949926267831e-01
8.161729915635067556e-01
7.890949190095319921e-01
7.935203577115910178e-01
7.806671823438069424e-01
7.589389662154513161e-01
7.553037649493745675e-01
7.455330839907485796e-01
7.333480592792884778e-01
7.337657702293878259e-01
6.989362088358070935e-01
6.981967378599573948e-01
6.804134592683208638e-01
6.659294756826952266e-01
6.485141748537923689e-01
6.206435184359833102e-01
6.060131763012623907e-01
5.999645859954885196e-01
5.889997631316141735e-01
5.779750858599932428e-01
5.310082626576821951e-01
5.330001251379439253e-01
5.087438921602824848e-01
4.834344244943427071e-01
4.814305786073269644e-01
4.462926187017970392e-01
4.339887645892588353e-01
4.075119875836943351e-01
3.859384299486823267e-01
3.618397075060926227e-01
3.303220617569984086e-01
3.108825072280545498e-01
2.789613215092607845e-01
2.569785724346598244e-01
2.228565903136168203e-01
1.938702470504924946e-01
1.435757874388414734e-01
1.226856042301651684e-01
6.743552374223682477e-02
2.325746194973810077e-02
-2.676213882856615101e-02
-9.737674714311062019e-02
-1.741198467473719091e-01
-2.902474235417713544e-01
-5.405971602892734040e-01
-5.405971602892734040e-01
-2.902474235417713544e-01
-1.741198467473719091e-01
-9.737674714311062019e-02
-2.676213882856615101e-02
2.325746194973810077e-02
6.743552374223682477e-02
1.226856042301651684e-01
1.435757874388414734e-01
1.938702470504924946e-01
2.228565903136168203e-01
2.569785724346598244e-01
2.789613215092607845e-01
3.108825072280545498e-01
3.303220617569984086e-01
3.618397075060926227e-01
3.859384299486823267e-01
4.075119875836943351e-01
4.339887645892588353e-01
4.462926187017970392e-01
4.814305786073269644e-01
4.834344244943427071e-01
5.087438921602824848e-01
5.330001251379439253e-01
5.310082626576821951e-01
5.779750858599932428e-01
5.889997631316141735e-01
5.999645859954885196e-01
6.060131763012623907e-01
6.206435184359833102e-01
6.485141748537923689e-01
6.659294756826952266e-01
6.804134592683208638e-01
6.981967378599573948e-01
6.989362088358070935e-01
7.337657702293878259e-01
7.333480592792884778e-01
7.455330839907485796e-01
7.553037649493745675e-01
7.589389662154513161e-01
7.806671823438069424e-01
7.935203577115910178e-01
7.890949190095319921e-01
8.161729915635067556e-01
8.038484949926267831e-01
8.246778647585824018e-01
8.408996311978196303e-01
8.443935592057574269e-01
8.594396858542321382e-01
8.656968842031282918e-01
8.824420577499854090e-01
9.119596553787072679e-01
9.036725440584838509e-01
9.113773168571963623e-01
9.137087084211081844e-01
9.378387916982440231e-01
9.283197669056928447e-01
9.485708114235311683e-01
9.360470587842861789e-01
9.717992396575869662e-01
9.657217998920781810e-01
9.808514846447842217e-01
9.791590600658732768e-01
9.697693197160344170e-01
9.936819509070939915e-01
9.976631360424583761e-01
1.014762258817825114e+00
1.022446414574231355e+00
1.044338584038682072e+00
1.043958680909410575e+00
1.042914690874855665e+00
1.054075201623005498e+00
1.056091621721465756e+00
1.036485016681977456e+00
1.083076844957721718e+00
1.073152911878930027e+00
1.071492187617007374e+00
1.080315774275522500e+00
1.091406094896667511e+00
1.088919892034800441e+00
1.087728706664647049e+00
1.097198002440091358e+00
1.102520101661950136e+00
1.111318257216781902e+00
1.107769457548092973e+00
1.118965503253178895e+00
1.102922921405564693e+00
1.106960068592535151e+00
1.143522505796429556e+00
1.139230878337553321e+00
1.125949919484845907e+00
1.140380483940464984e+00
1.124199236786536105e+00
1.124816774887676729e+00
1.165261339699734222e+00
1.146674431078691825e+00
1.140694242244560286e+00
1.143732325352381451e+00
1.142055000291973599e+00
1.154385872662503587e+00
1.180492528018540099e+00
1.168590201834149411e+00
1.161943522132750317e+00
1.151209586244082317e+00
1.164404074323615035e+00
1.187373664885727820e+00
1.163654569497051483e+00
1.166119340610370259e+00
1.156402751431219400e+00
1.165261339699734222e+00
1.155871599349893586e+00
1.166548617285775080e+00
1.170635962978318290e+00
1.172469935119737627e+00
1.182999204716621122e+00
1.152690597833943897e+00
1.153537876003674967e+00
1.169774079710139247e+00
1.167085472401478086e+00
1.154597984233985741e+00
1.160875602338819590e+00
1.157146838630046304e+00
1.162264120585938088e+00
1.154597984233985741e+00
1.161836678818369606e+00
1.153961784445799665e+00
1.151738267197449872e+00
1.146674431078691825e+00
1.130495381856519543e+00
1.147937988159515754e+00
1.144152096583228584e+00
1.129253659842667901e+00
1.135998173087349628e+00
1.126671680613254622e+00
1.117329176440938099e+00
1.093698873651151260e+00
1.107465859913823181e+00
1.101513761635390054e+00
1.094098154950128077e+00
1.092302643245808724e+00
1.066040991406314475e+00
1.074522641082417351e+00
1.071101829458443788e+00
1.060715907418579462e+00
1.066526499014043949e+00
1.037427968189849281e+00
1.037144989364209735e+00
1.031689746339532476e+00
1.013195654802080625e+00
1.016238954979108655e+00
9.874704712429540621e-01
9.877397348087324502e-01
9.781805428859851048e-01
9.613408238147460594e-01
9.697693197160344170e-01
9.424609004149662184e-01
9.331529471285442412e-01
9.161291077164914753e-01
9.136253507750797809e-01
8.963543351855669528e-01
8.791349363651690396e-01
8.820381642108294784e-01
8.404346951181551617e-01
8.265097864982884346e-01
8.242966364363262244e-01
8.053433753068848233e-01
7.668968531411461953e-01
7.593675070405225824e-01
7.413847215642803690e-01
7.044659282334837513e-01
6.896319481336927737e-01
6.696451345972711522e-01
6.517164319773254277e-01
6.252558427433090316e-01
5.893613178206980052e-01
5.721524801400583726e-01
5.195892578552321339e-01
4.961463444914642196e-01
4.599140131434502621e-01
4.108843325439366367e-01
3.877103455572399326e-01
3.348443193998669187e-01
2.950863925043503144e-01
2.437100264404890027e-01
1.834543272862383390e-01
1.426885615045065947e-01
7.934363848314340828e-02
1.810395486979032853e-02
-6.099562343080933147e-02
-1.442124078164166434e-01
-2.309005575479385897e-01
-3.313314754540943596e-01
-4.384785516197293731e-01
-5.822031000871721318e-01
-7.401911148426396636e-01
-9.330038499128114893e-01
-1.170753138056475962e+00
-1.503973440606864997e+00
-2.043958236283366148e+00
-4.434851425912922807e+00
