-5.168828309836074553e+00 -2.682919288814407111e+00 -2.287002513736203557e+00 -2.096387419335773217e+00 -2.022384117327689079e+00 -2.026037505170596553e+00 -2.051080339218391391e+00 -1.989187239183105138e+00 -1.915000533923245207e+00 -1.893510252503768587e+00 -1.633275895123853516e+00 -1.381301167421267406e+00 -1.231615369516909642e+00 -1.120826444140490041e+00 -1.051643831362072401e+00 -1.019146811023418975e+00 -1.023773158123817639e+00 -1.089057848031539155e+00 -1.264422094367299021e+00 -1.960063279449116624e+00
-2.744099312610561725e+00 -2.581902915888942829e-01 1.377264834893092704e-01 3.283415778897396109e-01 4.023448798978237484e-01 3.986914920549162744e-01 3.736486580071214370e-01 4.355417580424076895e-01 5.097284633022676203e-01 5.312187447217442404e-01 7.914531021016593115e-01 1.043427829804245421e+00 1.193113627708603186e+00 1.303902553085022786e+00 1.373085165863440427e+00 1.405582186202093853e+00 1.400955839101695188e+00 1.335671149193973672e+00 1.160306902858213807e+00 4.646657177763962032e-01
-2.552880082871626932e+00 -6.697106184995949008e-02 3.289457132282440632e-01 5.195608076286744037e-01 5.935641096367585412e-01 5.899107217938510672e-01 5.648678877460562298e-01 6.267609877813424824e-01 7.009476930412024132e-01 7.224379744606790332e-01 9.826723318405941043e-01 1.234647059543180214e+00 1.384332857447537979e+00 1.495121782823957579e+00 1.564304395602375219e+00 1.596801415941028646e+00 1.592175068840629981e+00 1.526890378932908465e+00 1.351526132597148600e+00 6.558849475153309960e-01
-2.557720681898536519e+00 -7.181166087686907673e-02 3.241051142013344766e-01 5.147202086017648170e-01 5.887235106098489545e-01 5.850701227669414806e-01 5.600272887191466431e-01 6.219203887544328957e-01 6.961070940142928265e-01 7.175973754337694466e-01 9.778317328136845177e-01 1.229806460516270628e+00 1.379492258420628392e+00 1.490281183797047992e+00 1.559463796575465633e+00 1.591960816914119059e+00 1.587334469813720395e+00 1.522049779905998879e+00 1.346685533570239013e+00 6.510443484884214094e-01
-2.327449493046570339e+00 1.584595279750971031e-01 5.543763030533006564e-01 7.449913974537309969e-01 8.189946994618151344e-01 8.153413116189076604e-01 7.902984775711128229e-01 8.521915776063990755e-01 9.263782828662590063e-01 9.478685642857356264e-01 1.208102921665650697e+00 1.460077649368236807e+00 1.609763447272594572e+00 1.720552372649014172e+00 1.789734985427431813e+00 1.822232005766085239e+00 1.817605658665686574e+00 1.752320968757965058e+00 1.576956722422205193e+00 8.813155373403875892e-01
-1.867137811032089090e+00 6.187712099895783524e-01 1.014687985067781906e+00 1.205303079468212246e+00 1.279306381476296384e+00 1.275652993633388910e+00 1.250610159585594072e+00 1.312503259620880325e+00 1.386689964880740256e+00 1.408180246300216876e+00 1.668414603680131947e+00 1.920389331382718057e+00 2.070075129287075821e+00 2.180864054663495644e+00 2.250046667441913062e+00 2.282543687780566266e+00 2.277917340680168046e+00 2.212632650772446308e+00 2.037268404436686442e+00 1.341627219354868839e+00
-1.317214616895723056e+00 1.168694404125944386e+00 1.564611179204147939e+00 1.755226273604578280e+00 1.829229575612662417e+00 1.825576187769754943e+00 1.800533353721960106e+00 1.862426453757246358e+00 1.936613159017106289e+00 1.958103440436582909e+00 2.218337797816498203e+00 2.470312525519084090e+00 2.619998323423441633e+00 2.730787248799861455e+00 2.799969861578278874e+00 2.832466881916932522e+00 2.827840534816533857e+00 2.762555844908812119e+00 2.587191598573052254e+00 1.891550413491234872e+00
-7.380583870631323151e-01 1.747850633958535127e+00 2.143767409036738680e+00 2.334382503437169021e+00 2.408385805445253158e+00 2.404732417602345684e+00 2.379689583554550847e+00 2.441582683589837099e+00 2.515769388849697030e+00 2.537259670269173650e+00 2.797494027649088721e+00 3.049468755351674609e+00 3.199154553256032596e+00 3.309943478632452418e+00 3.379126091410869837e+00 3.411623111749523041e+00 3.406996764649124820e+00 3.341712074741403082e+00 3.166347828405643217e+00 2.470706643323825613e+00
-1.947183003712917859e-01 2.291190720650375656e+00 2.687107495728579210e+00 2.877722590129009550e+00 2.951725892137093687e+00 2.948072504294186214e+00 2.923029670246391376e+00 2.984922770281677629e+00 3.059109475541537559e+00 3.080599756961014180e+00 3.340834114340929251e+00 3.592808842043515583e+00 3.742494639947873125e+00 3.853283565324292503e+00 3.922466178102710366e+00 3.954963198441364014e+00 3.950336851340964905e+00 3.885052161433243612e+00 3.709687915097483746e+00 3.014046730015666142e+00
3.494249034019452083e-01 2.835333924423612650e+00 3.231250699501816204e+00 3.421865793902246544e+00 3.495869095910330682e+00 3.492215708067423208e+00 3.467172874019628370e+00 3.529065974054914623e+00 3.603252679314774554e+00 3.624742960734251174e+00 3.884977318114166245e+00 4.136952045816752133e+00 4.286637843721109675e+00 4.397426769097529942e+00 4.466609381875947804e+00 4.499106402214600564e+00 4.494480055114202344e+00 4.429195365206480162e+00 4.253831118870721184e+00 3.558189933788903137e+00
8.805663351175461173e-01 3.366475356139213559e+00 3.762392131217417113e+00 3.953007225617847453e+00 4.027010527625931147e+00 4.023357139783024117e+00 3.998314305735229279e+00 4.060207405770515976e+00 4.134394111030375463e+00 4.155884392449852527e+00 4.416118749829767154e+00 4.668093477532353042e+00 4.817779275436711472e+00 4.928568200813130851e+00 4.997750813591547825e+00 5.030247833930201473e+00 5.025621486829803253e+00 4.960336796922081959e+00 4.784972550586321205e+00 4.089331365504504490e+00
1.329892174687246520e+00 3.815801195708913962e+00 4.211717970787117515e+00 4.402333065187548300e+00 4.476336367195631993e+00 4.472682979352724075e+00 4.447640145304929682e+00 4.509533245340215935e+00 4.583719950600075421e+00 4.605210232019552485e+00 4.865444589399468001e+00 5.117419317102053888e+00 5.267105115006411431e+00 5.377894040382830809e+00 5.447076653161248672e+00 5.479573673499902320e+00 5.474947326399503211e+00 5.409662636491781917e+00 5.234298390156022052e+00 4.538657205074204448e+00
1.726999419154830573e+00 4.212908440176498459e+00 4.608825215254701568e+00 4.799440309655132353e+00 4.873443611663216046e+00 4.869790223820308128e+00 4.844747389772513735e+00 4.906640489807799987e+00 4.980827195067659474e+00 5.002317476487136538e+00 5.262551833867052054e+00 5.514526561569637941e+00 5.664212359473995484e+00 5.775001284850414862e+00 5.844183897628832725e+00 5.876680917967486373e+00 5.872054570867087264e+00 5.806769880959365970e+00 5.631405634623606105e+00 4.935764449541788501e+00
2.095377348176222565e+00 4.581286369197890451e+00 4.977203144276093560e+00 5.167818238676524345e+00 5.241821540684608038e+00 5.238168152841700120e+00 5.213125318793905727e+00 5.275018418829191980e+00 5.349205124089051466e+00 5.370695405508528530e+00 5.630929762888444046e+00 5.882904490591029933e+00 6.032590288495387476e+00 6.143379213871806854e+00 6.212561826650224717e+00 6.245058846988878365e+00 6.240432499888479256e+00 6.175147809980757962e+00 5.999783563644998097e+00 5.304142378563180493e+00
2.455986698731316142e+00 4.941895719752983140e+00 5.337812494831187138e+00 5.528427589231617034e+00 5.602430891239701616e+00 5.598777503396794586e+00 5.573734669348999304e+00 5.635627769384285557e+00 5.709814474644145932e+00 5.731304756063622108e+00 5.991539113443536735e+00 6.243513841146123511e+00 6.393199639050481053e+00 6.503988564426900432e+00 6.573171177205318294e+00 6.605668197543971942e+00 6.601041850443572834e+00 6.535757160535851540e+00 6.360392914200091674e+00 5.664751729118274071e+00
2.815877838863807714e+00 5.301786859885474712e+00 5.697703634963678709e+00 5.888318729364108606e+00 5.962322031372193187e+00 5.958668643529286157e+00 5.933625809481490876e+00 5.995518909516777128e+00 6.069705614776637503e+00 6.091195896196113679e+00 6.351430253576028306e+00 6.603404981278615082e+00 6.753090779182972625e+00 6.863879704559392003e+00 6.933062317337809866e+00 6.965559337676463514e+00 6.960932990576064405e+00 6.895648300668343111e+00 6.720284054332583246e+00 6.024642869250765642e+00
3.176380048081119067e+00 5.662289069102786954e+00 6.058205844180990063e+00 6.248820938581420847e+00 6.322824240589504541e+00 6.319170852746596623e+00 6.294128018698802229e+00 6.356021118734088482e+00 6.430207823993947969e+00 6.451698105413425033e+00 6.711932462793340548e+00 6.963907190495926436e+00 7.113592988400283978e+00 7.224381913776703357e+00 7.293564526555121219e+00 7.326061546893774867e+00 7.321435199793375759e+00 7.256150509885654465e+00 7.080786263549894599e+00 6.385145078468076996e+00
3.584449092675451087e+00 6.070358113697118085e+00 6.466274888775322083e+00 6.656889983175751979e+00 6.730893285183836561e+00 6.727239897340929531e+00 6.702197063293134249e+00 6.764090163328420502e+00 6.838276868588280877e+00 6.859767150007757053e+00 7.120001507387671680e+00 7.371976235090258456e+00 7.521662032994615998e+00 7.632450958371035377e+00 7.701633571149453239e+00 7.734130591488106887e+00 7.729504244387707779e+00 7.664219554479986485e+00 7.488855308144226619e+00 6.793214123062409016e+00
4.130696923415110078e+00 6.616605944436777520e+00 7.012522719514981517e+00 7.203137813915411414e+00 7.277141115923495995e+00 7.273487728080588965e+00 7.248444894032793684e+00 7.310337994068079936e+00 7.384524699327940311e+00 7.406014980747416487e+00 7.666249338127331114e+00 7.918224065829917890e+00 8.067909863734275433e+00 8.178698789110695699e+00 8.247881401889113562e+00 8.280378422227766322e+00 8.275752075127368101e+00 8.210467385219645919e+00 8.035103138883886942e+00 7.339461953802068450e+00
5.171451937358023443e+00 7.657360958379690885e+00 8.053277733457894882e+00 8.243892827858324779e+00 8.317896129866408472e+00 8.314242742023502331e+00 8.289199907975707049e+00 8.351093008010993302e+00 8.425279713270853676e+00 8.446769994690329852e+00 8.707004352070244479e+00 8.958979079772831255e+00 9.108664877677188798e+00 9.219453803053609064e+00 9.288636415832026927e+00 9.321133436170679687e+00 9.316507089070281467e+00 9.251222399162559284e+00 9.075858152826800307e+00 8.380216967744981815e+00
