-5.313394383874436855e+00 -2.845064562081661030e+00 -2.574243199028701579e+00 -2.559109980659924233e+00 -2.516717397771123910e+00 -2.287789396084694893e+00 -1.940221118286489244e+00 -1.518349716924612736e+00 -1.115575284012136015e+00 -7.036692129076180802e-01 -2.321909270910662570e-01 1.413526885561813273e-01 4.594863047998769545e-01 7.470712215661454714e-01 1.006217005364823169e+00 1.259885504080380247e+00 1.508606407226417812e+00 1.770895868286578523e+00 2.065954866706472881e+00 2.643631016991491389e+00
-2.888665386648924027e+00 -4.203355648561482028e-01 -1.495142018031887510e-01 -1.343809834344114051e-01 -9.198840054561108204e-02 1.369396011408179348e-01 4.845078789390235841e-01 9.063792803009000920e-01 1.309153713213376813e+00 1.721059784317894747e+00 2.192538070134446571e+00 2.566081685781694155e+00 2.884215302025389782e+00 3.171800218791658299e+00 3.430946002590335997e+00 3.684614501305893075e+00 3.933335404451930639e+00 4.195624865512090906e+00 4.490683863931986153e+00 5.068360014217004661e+00
-2.697446156909989234e+00 -2.291163351172134099e-01 4.170502793574604183e-02 5.683824630452338766e-02 9.923082919332371077e-02 3.281588308797527276e-01 6.757271086779583769e-01 1.097598510039834885e+00 1.500372942952311606e+00 1.912279014056829540e+00 2.383757299873381363e+00 2.757300915520628948e+00 3.075434531764324575e+00 3.363019448530593092e+00 3.622165232329270790e+00 3.875833731044827868e+00 4.124554634190864988e+00 4.386844095251026587e+00 4.681903093670920057e+00 5.259579243955938566e+00
-2.702286755936898821e+00 -2.339569341441229966e-01 3.686442890883645518e-02 5.199764727761380101e-02 9.439023016641412411e-02 3.233182318528431409e-01 6.708865096510487902e-01 1.092757911012925298e+00 1.495532343925402019e+00 1.907438415029919954e+00 2.378916700846471777e+00 2.752460316493719361e+00 3.070593932737414988e+00 3.358178849503683505e+00 3.617324633302361203e+00 3.870993132017918281e+00 4.119714035163955401e+00 4.382003496224117001e+00 4.677062494644010471e+00 5.254738644929028979e+00
-2.472015567084932641e+00 -3.685745292156816788e-03 2.671356177608026350e-01 2.822688361295799808e-01 3.246614190183803039e-01 5.535894207048093207e-01 9.011576985030149700e-01 1.323029099864891478e+00 1.725803532777368199e+00 2.137709603881885911e+00 2.609187889698437957e+00 2.982731505345685541e+00 3.300865121589381168e+00 3.588450038355649685e+00 3.847595822154327383e+00 4.101264320869884017e+00 4.349985224015922469e+00 4.612274685076082292e+00 4.907333683495977539e+00 5.485009833780996047e+00
-2.011703885070451392e+00 4.566259367223244325e-01 7.274472997752838843e-01 7.425805181440612301e-01 7.849731010328615533e-01 1.013901102719290570e+00 1.361469380517496219e+00 1.783340781879372727e+00 2.186115214791849226e+00 2.598021285896367161e+00 3.069499571712919206e+00 3.443043187360166790e+00 3.761176803603862417e+00 4.048761720370130490e+00 4.307907504168808188e+00 4.561576002884365266e+00 4.810296906030403719e+00 5.072586367090563542e+00 5.367645365510458788e+00 5.945321515795477296e+00
-1.461780690934085358e+00 1.006549130858690466e+00 1.277370493911649918e+00 1.292503712280427264e+00 1.334896295169227587e+00 1.563824296855656604e+00 1.911392574653862253e+00 2.333263976015738983e+00 2.736038408928215482e+00 3.147944480032733416e+00 3.619422765849285462e+00 3.992966381496533046e+00 4.311099997740228673e+00 4.598684914506496746e+00 4.857830698305174444e+00 5.111499197020731522e+00 5.360220100166769086e+00 5.622509561226929797e+00 5.917568559646824156e+00 6.495244709931842664e+00
-8.826244611014946173e-01 1.585705360691281207e+00 1.856526723744240659e+00 1.871659942113018005e+00 1.914052525001818328e+00 2.142980526688247345e+00 2.490548804486452994e+00 2.912420205848329502e+00 3.315194638760806001e+00 3.727100709865323935e+00 4.198578995681875980e+00 4.572122611329123565e+00 4.890256227572819192e+00 5.177841144339087265e+00 5.436986928137764963e+00 5.690655426853322041e+00 5.939376329999360493e+00 6.201665791059520316e+00 6.496724789479415563e+00 7.074400939764434071e+00
-3.392843744096540881e-01 2.129045447383121736e+00 2.399866810436081188e+00 2.415000028804858534e+00 2.457392611693658857e+00 2.686320613380087874e+00 3.033888891178293523e+00 3.455760292540170031e+00 3.858534725452646974e+00 4.270440796557164909e+00 4.741919082373716066e+00 5.115462698020964538e+00 5.433596314264660165e+00 5.721181231030928238e+00 5.980327014829605936e+00 6.233995513545163014e+00 6.482716416691200578e+00 6.745005877751361290e+00 7.040064876171255648e+00 7.617741026456274156e+00
2.048588293635829061e-01 2.673188651156358731e+00 2.944010014209318182e+00 2.959143232578095528e+00 3.001535815466895851e+00 3.230463817153324868e+00 3.578032094951530517e+00 3.999903496313407025e+00 4.402677929225883524e+00 4.814584000330401459e+00 5.286062286146953504e+00 5.659605901794201088e+00 5.977739518037896715e+00 6.265324434804165676e+00 6.524470218602843374e+00 6.778138717318400452e+00 7.026859620464437128e+00 7.289149081524598728e+00 7.584208079944492198e+00 8.161884230229510706e+00
7.360002610791838151e-01 3.204330082871959640e+00 3.475151445924919091e+00 3.490284664293696437e+00 3.532677247182496760e+00 3.761605248868925777e+00 4.109173526667131426e+00 4.531044928029007934e+00 4.933819360941484433e+00 5.345725432046002368e+00 5.817203717862554413e+00 6.190747333509801997e+00 6.508880949753497624e+00 6.796465866519765697e+00 7.055611650318443395e+00 7.309280149034000473e+00 7.558001052180038926e+00 7.820290513240198749e+00 8.115349511660093995e+00 8.693025661945112503e+00
1.185326100648884218e+00 3.653655922441660042e+00 3.924477285494619494e+00 3.939610503863396840e+00 3.982003086752197163e+00 4.210931088438625736e+00 4.558499366236832273e+00 4.980370767598708781e+00 5.383145200511185280e+00 5.795051271615703214e+00 6.266529557432255260e+00 6.640073173079501956e+00 6.958206789323197583e+00 7.245791706089466544e+00 7.504937489888144242e+00 7.758605988603701320e+00 8.007326891749737996e+00 8.269616352809899595e+00 8.564675351229794842e+00 9.142351501514813350e+00
1.582433345116468271e+00 4.050763166909243651e+00 4.321584529962203547e+00 4.336717748330981337e+00 4.379110331219781216e+00 4.608038332906209789e+00 4.955606610704416326e+00 5.377478012066292834e+00 5.780252444978769333e+00 6.192158516083287267e+00 6.663636801899839313e+00 7.037180417547086009e+00 7.355314033790781636e+00 7.642898950557050597e+00 7.902044734355728295e+00 8.155713233071285373e+00 8.404434136217322049e+00 8.666723597277483648e+00 8.961782595697378895e+00 9.539458745982397403e+00
1.950811274137860263e+00 4.419141095930635643e+00 4.689962458983595539e+00 4.705095677352373329e+00 4.747488260241173208e+00 4.976416261927601781e+00 5.323984539725808318e+00 5.745855941087684826e+00 6.148630374000161325e+00 6.560536445104679260e+00 7.032014730921231305e+00 7.405558346568478001e+00 7.723691962812173628e+00 8.011276879578442589e+00 8.270422663377120287e+00 8.524091162092677365e+00 8.772812065238714041e+00 9.035101526298875640e+00 9.330160524718770887e+00 9.907836675003789395e+00
2.311420624692953840e+00 4.779750446485730109e+00 5.050571809538689116e+00 5.065705027907466018e+00 5.108097610796266785e+00 5.337025612482696246e+00 5.684593890280901007e+00 6.106465291642777515e+00 6.509239724555254902e+00 6.921145795659772837e+00 7.392624081476323994e+00 7.766167697123572466e+00 8.084301313367268094e+00 8.371886230133537055e+00 8.631032013932212976e+00 8.884700512647771831e+00 9.133421415793808507e+00 9.395710876853968330e+00 9.690769875273863576e+00 1.026844602555888208e+01
2.671311764825445412e+00 5.139641586618221680e+00 5.410462949671180688e+00 5.425596168039957590e+00 5.467988750928758357e+00 5.696916752615187818e+00 6.044485030413392579e+00 6.466356431775269087e+00 6.869130864687746474e+00 7.281036935792264408e+00 7.752515221608815565e+00 8.126058837256064038e+00 8.444192453499759665e+00 8.731777370266026850e+00 8.990923154064706324e+00 9.244591652780261626e+00 9.493312555926300078e+00 9.755602016986461678e+00 1.005066101540635515e+01 1.062833716569137366e+01
3.031813974042756765e+00 5.500143795835532146e+00 5.770965158888492041e+00 5.786098377257269831e+00 5.828490960146069710e+00 6.057418961832498283e+00 6.404987239630704821e+00 6.826858640992581329e+00 7.229633073905057827e+00 7.641539145009575762e+00 8.113017430826127807e+00 8.486561046473374503e+00 8.804694662717070130e+00 9.092279579483339091e+00 9.351425363282016789e+00 9.605093861997573867e+00 9.853814765143610543e+00 1.011610422620377214e+01 1.041116322462366739e+01 1.098883937490868590e+01
3.439883018637088785e+00 5.908212840429865054e+00 6.179034203482824061e+00 6.194167421851600963e+00 6.236560004740401730e+00 6.465488006426831191e+00 6.813056284225035952e+00 7.234927685586912460e+00 7.637702118499389847e+00 8.049608189603906894e+00 8.521086475420458939e+00 8.894630091067707411e+00 9.212763707311403039e+00 9.500348624077670223e+00 9.759494407876349698e+00 1.001316290659190500e+01 1.026188380973794345e+01 1.052417327079810505e+01 1.081923226921799852e+01 1.139690841950301703e+01
3.986130849376748220e+00 6.454460671169524488e+00 6.725282034222483496e+00 6.740415252591260398e+00 6.782807835480061165e+00 7.011735837166490626e+00 7.359304114964695387e+00 7.781175516326571895e+00 8.183949949239048394e+00 8.595856020343566328e+00 9.067334306160118373e+00 9.440877921807366846e+00 9.759011538051062473e+00 1.004659645481732966e+01 1.030574223861600913e+01 1.055941073733156443e+01 1.080813164047760289e+01 1.107042110153776449e+01 1.136548009995765796e+01 1.194315625024267646e+01
5.026885863319661141e+00 7.495215685112437853e+00 7.766037048165396861e+00 7.781170266534173763e+00 7.823562849422974530e+00 8.052490851109403991e+00 8.400059128907608752e+00 8.821930530269485260e+00 9.224704963181961759e+00 9.636611034286479693e+00 1.010808932010303174e+01 1.048163293575028021e+01 1.079976655199397584e+01 1.108735146876024302e+01 1.134649725255892250e+01 1.160016575127447780e+01 1.184888665442051625e+01 1.211117611548067785e+01 1.240623511390057132e+01 1.298391126418558983e+01
