-5.358528284347592319e+00 -2.958412246151461034e+00 -2.811262532218122168e+00 -2.783254398903345361e+00 -2.429392927613022835e+00 -1.853203748755617664e+00 -1.207989813002781077e+00 -5.602179715343784672e-01 4.778291021181502174e-02 6.452648366452145012e-01 1.212398975194487694e+00 1.693319383316711946e+00 2.140317318091679244e+00 2.560909562484563917e+00 2.951533806628814371e+00 3.356361839720624740e+00 3.802885201357518508e+00 4.275085333978548618e+00 4.955099602554833282e+00 6.209713471321537170e+00
-2.933799287122079935e+00 -5.336832489259482060e-01 -3.865335349926093400e-01 -3.585254016778325337e-01 -4.663930387510006881e-03 5.715252484698951640e-01 1.216739184222731751e+00 1.864511025691134360e+00 2.472511907437327849e+00 3.069993833870727329e+00 3.637127972420000521e+00 4.118048380542225217e+00 4.565046315317191628e+00 4.985638559710077189e+00 5.376262803854327643e+00 5.781090836946138012e+00 6.227614198583031779e+00 6.699814331204061446e+00 7.379828599780346110e+00 8.634442468547049998e+00
-2.742580057383145142e+00 -3.424640191870134132e-01 -1.953143052536745472e-01 -1.673061719388977409e-01 1.865552993514247859e-01 7.627444782088299569e-01 1.407958413961666544e+00 2.055730255430069153e+00 2.663731137176262642e+00 3.261213063609662122e+00 3.828347202158935314e+00 4.309267610281159122e+00 4.756265545056127308e+00 5.176857789449011094e+00 5.567482033593261548e+00 5.972310066685071916e+00 6.418833428321965684e+00 6.891033560942995351e+00 7.571047829519280015e+00 8.825661698285983903e+00
-2.747420656410054729e+00 -3.473046182139229998e-01 -2.001549042805841339e-01 -1.721467709658073275e-01 1.817147003245151993e-01 7.579038791819203702e-01 1.403117814934756957e+00 2.050889656403159567e+00 2.658890538149353056e+00 3.256372464582752535e+00 3.823506603132025727e+00 4.304427011254249535e+00 4.751424946029217722e+00 5.172017190422101507e+00 5.562641434566351961e+00 5.967469467658162330e+00 6.413992829295056097e+00 6.886192961916085764e+00 7.566207230492370428e+00 8.820821099259074316e+00
-2.517149467558088549e+00 -1.170334293619568200e-01 3.011628457138204595e-02 5.812441788615885230e-02 4.119858891764813791e-01 9.881750680338865500e-01 1.633389003786723137e+00 2.281160845255125746e+00 2.889161727001319235e+00 3.486643653434718715e+00 4.053777791983991463e+00 4.534698200106216603e+00 4.981696134881183013e+00 5.402288379274068575e+00 5.792912623418319029e+00 6.197740656510129398e+00 6.644264018147023165e+00 7.116464150768052832e+00 7.796478419344337496e+00 9.051092288111041384e+00
-2.056837785543607300e+00 3.432782526525244293e-01 4.904279665858632953e-01 5.184360999006401016e-01 8.722975711909626284e-01 1.448486750048367799e+00 2.093700685801204386e+00 2.741472527269606996e+00 3.349473409015800485e+00 3.946955335449199964e+00 4.514089473998472712e+00 4.995009882120697853e+00 5.442007816895664263e+00 5.862600061288549824e+00 6.253224305432800278e+00 6.658052338524610647e+00 7.104575700161504415e+00 7.576775832782534081e+00 8.256790101358818745e+00 9.511403970125522633e+00
-1.506914591407241266e+00 8.932014467888904630e-01 1.040351160722229329e+00 1.068359294037006135e+00 1.422220765327328662e+00 1.998409944184733833e+00 2.643623879937570642e+00 3.291395721405972807e+00 3.899396603152166740e+00 4.496878529585566220e+00 5.064012668134838968e+00 5.544933076257063220e+00 5.991931011032030518e+00 6.412523255424915192e+00 6.803147499569165646e+00 7.207975532660976015e+00 7.654498894297869782e+00 8.126699026918899449e+00 8.806713295495184113e+00 1.006132716426188800e+01
-9.277583615746505252e-01 1.472357676621481204e+00 1.619507390554820070e+00 1.647515523869596876e+00 2.001376995159919403e+00 2.577566174017324574e+00 3.222780109770161161e+00 3.870551951238563770e+00 4.478552832984757259e+00 5.076034759418156739e+00 5.643168897967429487e+00 6.124089306089654627e+00 6.571087240864621037e+00 6.991679485257506599e+00 7.382303729401757053e+00 7.787131762493567422e+00 8.233655124130461189e+00 8.705855256751490856e+00 9.385869525327775520e+00 1.064048339409447941e+01
-3.844182748828099960e-01 2.015697763313321733e+00 2.162847477246660599e+00 2.190855610561437405e+00 2.544717081851759932e+00 3.120906260709165103e+00 3.766120196462001690e+00 4.413892037930404300e+00 5.021892919676597344e+00 5.619374846109996824e+00 6.186508984659270460e+00 6.667429392781494712e+00 7.114427327556462011e+00 7.535019571949346684e+00 7.925643816093597138e+00 8.330471849185407507e+00 8.776995210822301274e+00 9.249195343443330941e+00 9.929209612019615605e+00 1.118382348078631949e+01
1.597249288904269982e-01 2.559840967086558727e+00 2.706990681019897593e+00 2.734998814334674400e+00 3.088860285624996926e+00 3.665049464482402097e+00 4.310263400235238684e+00 4.958035241703640850e+00 5.566036123449834783e+00 6.163518049883234262e+00 6.730652188432507899e+00 7.211572596554731263e+00 7.658570531329699449e+00 8.079162775722583234e+00 8.469787019866833688e+00 8.874615052958644057e+00 9.321138414595537824e+00 9.793338547216567491e+00 1.047335281579285216e+01 1.172796668455955604e+01
6.908663606060279072e-01 3.090982398802159636e+00 3.238132112735498502e+00 3.266140246050275309e+00 3.620001717340597835e+00 4.196190896198002562e+00 4.841404831950839593e+00 5.489176673419242647e+00 6.097177555165435692e+00 6.694659481598835171e+00 7.261793620148107919e+00 7.742714028270333060e+00 8.189711963045299470e+00 8.610304207438185031e+00 9.000928451582435486e+00 9.405756484674245854e+00 9.852279846311139622e+00 1.032447997893216929e+01 1.100449424750845395e+01 1.225910811627515784e+01
1.140192200175728310e+00 3.540308238371860039e+00 3.687457952305198905e+00 3.715466085619975711e+00 4.069327556910298682e+00 4.645516735767703409e+00 5.290730671520540440e+00 5.938502512988942605e+00 6.546503394735136538e+00 7.143985321168536018e+00 7.711119459717808766e+00 8.192039867840033907e+00 8.639037802615000317e+00 9.059630047007885878e+00 9.450254291152134556e+00 9.855082324243944925e+00 1.030160568588084047e+01 1.077380581850187014e+01 1.145382008707815302e+01 1.270843395584485691e+01
1.537299444643312363e+00 3.937415482839444092e+00 4.084565196772782514e+00 4.112573330087560208e+00 4.466434801377882735e+00 5.042623980235287462e+00 5.687837915988124493e+00 6.335609757456526658e+00 6.943610639202720591e+00 7.541092565636120071e+00 8.108226704185392819e+00 8.589147112307617959e+00 9.036145047082584369e+00 9.456737291475469931e+00 9.847361535619718609e+00 1.025218956871152898e+01 1.069871293034842452e+01 1.117091306296945419e+01 1.185092733154573708e+01 1.310554120031244096e+01
1.905677373664704355e+00 4.305793411860836528e+00 4.452943125794174506e+00 4.480951259108952200e+00 4.834812730399274727e+00 5.411001909256679454e+00 6.056215845009516485e+00 6.703987686477918650e+00 7.311988568224112583e+00 7.909470494657512063e+00 8.476604633206784811e+00 8.957525041329009952e+00 9.404522976103976362e+00 9.825115220496861923e+00 1.021573946464111060e+01 1.062056749773292097e+01 1.106709085936981651e+01 1.153929099199084618e+01 1.221930526056712907e+01 1.347391912933383296e+01
2.266286724219797932e+00 4.666402762415929217e+00 4.813552476349268971e+00 4.841560609664044890e+00 5.195422080954367416e+00 5.771611259811773031e+00 6.416825195564609174e+00 7.064597037033012228e+00 7.672597918779205273e+00 8.270079845212604752e+00 8.837213983761877500e+00 9.318134391884102641e+00 9.765132326659070827e+00 1.018572457105195461e+01 1.057634881519620507e+01 1.098117684828801544e+01 1.142770020992490920e+01 1.189990034254593887e+01 1.257991461112222353e+01 1.383452847988892742e+01
2.626177864352289504e+00 5.026293902548420789e+00 5.173443616481760543e+00 5.201451749796536461e+00 5.555313221086858988e+00 6.131502399944264603e+00 6.776716335697100746e+00 7.424488177165503799e+00 8.032489058911696844e+00 8.629970985345096324e+00 9.197105123894370848e+00 9.678025532016594212e+00 1.012502346679156062e+01 1.054561571118444618e+01 1.093623995532869664e+01 1.134106798842050701e+01 1.178759135005740077e+01 1.225979148267843044e+01 1.293980575125471510e+01 1.419441962002141899e+01
2.986680073569600857e+00 5.386796111765733031e+00 5.533945825699071008e+00 5.561953959013848703e+00 5.915815430304171230e+00 6.492004609161575956e+00 7.137218544914412988e+00 7.784990386382815153e+00 8.392991268129009086e+00 8.990473194562408565e+00 9.557607333111681314e+00 1.003852774123390645e+01 1.048552567600887286e+01 1.090611792040175843e+01 1.129674216454600710e+01 1.170157019763781747e+01 1.214809355927471302e+01 1.262029369189574268e+01 1.330030796047202557e+01 1.455492182923872946e+01
3.394749118163932877e+00 5.794865156360064162e+00 5.942014870293403916e+00 5.970023003608179835e+00 6.323884474898502361e+00 6.900073653755907976e+00 7.545287589508744119e+00 8.193059430977147173e+00 8.801060312723340218e+00 9.398542239156739697e+00 9.965676377706014222e+00 1.044659678582823759e+01 1.089359472060320400e+01 1.131418696499608956e+01 1.170481120914034001e+01 1.210963924223215038e+01 1.255616260386904415e+01 1.302836273649007381e+01 1.370837700506635848e+01 1.496299087383306237e+01
3.940996948903592312e+00 6.341112987099723597e+00 6.488262701033063351e+00 6.516270834347839269e+00 6.870132305638161796e+00 7.446321484495567411e+00 8.091535420248403554e+00 8.739307261716806607e+00 9.347308143462999652e+00 9.944790069896399132e+00 1.051192420844567366e+01 1.099284461656789702e+01 1.143984255134286343e+01 1.186043479573574899e+01 1.225105903987999945e+01 1.265588707297180981e+01 1.310241043460870358e+01 1.357461056722973325e+01 1.425462483580601791e+01 1.550923870457272180e+01
4.981751962846505677e+00 7.381868001042636962e+00 7.529017714975976716e+00 7.557025848290752634e+00 7.910887319581075161e+00 8.487076498438479888e+00 9.132290434191316919e+00 9.780062275659719973e+00 1.038806315740591302e+01 1.098554508383931250e+01 1.155267922238858702e+01 1.203359963051081039e+01 1.248059756528577680e+01 1.290118980967866236e+01 1.329181405382291281e+01 1.369664208691472318e+01 1.414316544855161695e+01 1.461536558117264661e+01 1.529537984974893128e+01 1.654999371851563694e+01
