-5.262542091329384775e+00 -2.755508946432843942e+00 -2.407327424380206971e+00 -2.277624561505636080e+00 -2.277709451404490881e+00 -2.271708669810242220e+00 -2.186742288303559878e+00 -1.987499208418434637e+00 -1.786344741339475295e+00 -1.593945833197041972e+00 -1.228893901986006565e+00 -9.327237992725572191e-01 -7.136279295272258683e-01 -5.367859222693338594e-01 -3.953238959301597077e-01 -2.796697764138498243e-01 -1.871328271310064295e-01 -1.343882545325496558e-01 -1.299725049214255357e-01 -2.461684250985918254e-01
-2.862426053133252601e+00 -3.553929082367122128e-01 -7.211386184075241346e-03 1.224914766904956487e-01 1.224065867916408479e-01 1.284073683858895087e-01 2.133737498925718512e-01 4.126168297776970917e-01 6.137712968566564342e-01 8.061702049990897567e-01 1.171222136210125164e+00 1.467392238923574510e+00 1.686488108668905861e+00 1.863330115926797870e+00 2.004792142265972021e+00 2.120446261782281905e+00 2.212983211065125300e+00 2.265727783663582073e+00 2.270143533274706193e+00 2.153947613097539904e+00
-2.715276339199913735e+00 -2.082431943033733468e-01 1.399383277492636246e-01 2.696411906238345146e-01 2.695563007249797138e-01 2.755570823192283747e-01 3.605234638259107172e-01 5.597665437110359576e-01 7.609210107899953002e-01 9.533199189324286227e-01 1.318371850143464030e+00 1.614541952856913376e+00 1.833637822602244727e+00 2.010479829860136736e+00 2.151941856199310887e+00 2.267595975715620771e+00 2.360132924998464166e+00 2.412877497596920939e+00 2.417293247208045059e+00 2.301097327030878770e+00
-2.687268205885136929e+00 -1.802350609885965405e-01 1.679464610640404310e-01 2.976493239386113210e-01 2.975644340397565202e-01 3.035652156340051810e-01 3.885315971406875235e-01 5.877746770258127640e-01 7.889291441047721065e-01 9.813280522472054290e-01 1.346379983458240837e+00 1.642550086171690182e+00 1.861645955917021533e+00 2.038487963174913542e+00 2.179949989514087694e+00 2.295604109030397577e+00 2.388141058313240972e+00 2.440885630911697746e+00 2.445301380522821866e+00 2.329105460345655576e+00
-2.333406734594814402e+00 1.736264103017259863e-01 5.218079323543629577e-01 6.515107952289338478e-01 6.514259053300790470e-01 6.574266869243277078e-01 7.423930684310100503e-01 9.416361483161352908e-01 1.142790615395094633e+00 1.335189523537527956e+00 1.700241454748563363e+00 1.996411557462012709e+00 2.215507427207343838e+00 2.392349434465236069e+00 2.533811460804410221e+00 2.649465580320720104e+00 2.742002529603563499e+00 2.794747102202020272e+00 2.799162851813144393e+00 2.682966931635978103e+00
-1.757217555737409231e+00 7.498155891591311573e-01 1.097997111211768129e+00 1.227699974086339019e+00 1.227615084187484218e+00 1.233615865781732879e+00 1.318582247288415221e+00 1.517825327173540462e+00 1.718979794252499804e+00 1.911378702394933127e+00 2.276430633605968534e+00 2.572600736319417880e+00 2.791696606064749453e+00 2.968538613322641240e+00 3.110000639661815391e+00 3.225654759178125275e+00 3.318191708460968670e+00 3.370936281059425443e+00 3.375352030670549563e+00 3.259156110493383274e+00
-1.112003619984572644e+00 1.395029524911967744e+00 1.743211046964604716e+00 1.872913909839175606e+00 1.872829019940320805e+00 1.878829801534569466e+00 1.963796183041251808e+00 2.163039262926377049e+00 2.364193730005336391e+00 2.556592638147769492e+00 2.921644569358805121e+00 3.217814672072254467e+00 3.436910541817585596e+00 3.613752549075477827e+00 3.755214575414651978e+00 3.870868694930961862e+00 3.963405644213805257e+00 4.016150216812262030e+00 4.020565966423386151e+00 3.904370046246219861e+00
-4.642317785161700350e-01 2.042801366380370354e+00 2.390982888433007325e+00 2.520685751307578215e+00 2.520600861408723414e+00 2.526601643002972075e+00 2.611568024509654418e+00 2.810811104394779658e+00 3.011965571473739001e+00 3.204364479616172545e+00 3.569416410827207731e+00 3.865586513540657077e+00 4.084682383285988649e+00 4.261524390543880436e+00 4.402986416883054588e+00 4.518640536399364471e+00 4.611177485682207866e+00 4.663922058280665084e+00 4.668337807891788316e+00 4.552141887714622470e+00
1.437691032300234539e-01 2.650802248126563843e+00 2.998983770179200814e+00 3.128686633053771704e+00 3.128601743154916903e+00 3.134602524749165564e+00 3.219568906255847907e+00 3.418811986140973147e+00 3.619966453219932490e+00 3.812365361362365590e+00 4.177417292573401220e+00 4.473587395286850565e+00 4.692683265032181694e+00 4.869525272290074369e+00 5.010987298629247633e+00 5.126641418145558404e+00 5.219178367428401799e+00 5.271922940026858129e+00 5.276338689637982249e+00 5.160142769460815515e+00
7.412510296634229334e-01 3.248284174559963322e+00 3.596465696612600293e+00 3.726168559487171184e+00 3.726083669588316383e+00 3.732084451182565044e+00 3.817050832689247386e+00 4.016293912574372627e+00 4.217448379653331969e+00 4.409847287795765070e+00 4.774899219006800699e+00 5.071069321720250045e+00 5.290165191465581174e+00 5.467007198723473849e+00 5.608469225062647112e+00 5.724123344578957884e+00 5.816660293861801279e+00 5.869404866460257608e+00 5.873820616071381728e+00 5.757624695894214994e+00
1.308385168212696126e+00 3.815418313109236514e+00 4.163599835161873486e+00 4.293302698036444376e+00 4.293217808137589131e+00 4.299218589731838236e+00 4.384184971238520134e+00 4.583428051123645375e+00 4.784582518202604717e+00 4.976981426345038706e+00 5.342033357556074336e+00 5.638203460269522793e+00 5.857299330014854810e+00 6.034141337272746597e+00 6.175603363611920749e+00 6.291257483128230632e+00 6.383794432411074027e+00 6.436539005009530356e+00 6.440954754620655365e+00 6.324758834443488631e+00
1.789305576334920378e+00 4.296338721231460767e+00 4.644520243284097738e+00 4.774223106158668628e+00 4.774138216259814271e+00 4.780138997854062488e+00 4.865105379360745275e+00 5.064348459245870515e+00 5.265502926324829858e+00 5.457901834467262958e+00 5.822953765678297700e+00 6.119123868391747934e+00 6.338219738137079062e+00 6.515061745394970849e+00 6.656523771734145001e+00 6.772177891250454884e+00 6.864714840533298279e+00 6.917459413131755497e+00 6.921875162742878729e+00 6.805679242565712883e+00
2.236303511109887676e+00 4.743336656006428065e+00 5.091518178059065036e+00 5.221221040933635926e+00 5.221136151034780681e+00 5.227136932629029786e+00 5.312103314135711685e+00 5.511346394020836925e+00 5.712500861099796268e+00 5.904899769242230256e+00 6.269951700453265886e+00 6.566121803166714344e+00 6.785217672912046361e+00 6.962059680169938147e+00 7.103521706509112299e+00 7.219175826025422182e+00 7.311712775308265577e+00 7.364457347906721907e+00 7.368873097517846915e+00 7.252677177340680181e+00
2.656895755502772349e+00 5.163928900399312738e+00 5.512110422451949709e+00 5.641813285326520599e+00 5.641728395427666243e+00 5.647729177021914460e+00 5.732695558528597246e+00 5.931938638413722487e+00 6.133093105492681829e+00 6.325492013635114930e+00 6.690543944846149671e+00 6.986714047559599905e+00 7.205809917304931034e+00 7.382651924562822821e+00 7.524113950901996972e+00 7.639768070418306856e+00 7.732305019701150250e+00 7.785049592299607468e+00 7.789465341910730700e+00 7.673269421733564855e+00
3.047519999647022804e+00 5.554553144543563192e+00 5.902734666596200164e+00 6.032437529470771054e+00 6.032352639571916697e+00 6.038353421166164914e+00 6.123319802672847700e+00 6.322562882557972941e+00 6.523717349636932283e+00 6.716116257779365384e+00 7.081168188990400125e+00 7.377338291703850359e+00 7.596434161449181488e+00 7.773276168707073275e+00 7.914738195046247426e+00 8.030392314562558198e+00 8.122929263845399817e+00 8.175673836443857923e+00 8.180089586054981154e+00 8.063893665877815309e+00
3.452348032738833172e+00 5.959381177635373561e+00 6.307562699688010532e+00 6.437265562562581422e+00 6.437180672663727066e+00 6.443181454257975282e+00 6.528147835764658069e+00 6.727390915649783310e+00 6.928545382728742652e+00 7.120944290871175752e+00 7.485996222082210494e+00 7.782166324795660728e+00 8.001262194540991857e+00 8.178104201798884532e+00 8.319566228138057795e+00 8.435220347654368567e+00 8.527757296937210185e+00 8.580501869535668291e+00 8.584917619146791523e+00 8.468721698969625677e+00
3.898871394375726940e+00 6.405904539272267328e+00 6.754086061324904300e+00 6.883788924199475190e+00 6.883704034300620833e+00 6.889704815894869050e+00 6.974671197401551836e+00 7.173914277286677077e+00 7.375068744365636420e+00 7.567467652508069520e+00 7.932519583719104261e+00 8.228689686432554495e+00 8.447785556177885624e+00 8.624627563435776523e+00 8.766089589774951563e+00 8.881743709291260558e+00 8.974280658574105729e+00 9.027025231172562059e+00 9.031440980783685291e+00 8.915245060606519445e+00
4.371071526996756162e+00 6.878104671893296995e+00 7.226286193945933967e+00 7.355989056820504857e+00 7.355904166921650500e+00 7.361904948515898717e+00 7.446871330022581503e+00 7.646114409907706744e+00 7.847268876986666086e+00 8.039667785129099187e+00 8.404719716340133928e+00 8.700889819053584162e+00 8.919985688798915291e+00 9.096827696056806190e+00 9.238289722395981229e+00 9.353943841912290225e+00 9.446480791195135396e+00 9.499225363793591725e+00 9.503641113404714957e+00 9.387445193227549112e+00
5.051085795573040826e+00 7.558118940469581659e+00 7.906300462522218631e+00 8.036003325396789521e+00 8.035918435497935164e+00 8.041919217092182492e+00 8.126885598598866167e+00 8.326128678483991408e+00 8.527283145562950750e+00 8.719682053705383851e+00 9.084733984916418592e+00 9.380904087629868826e+00 9.599999957375199955e+00 9.776841964633092630e+00 9.918303990972265893e+00 1.003395811048857666e+01 1.012649505977141828e+01 1.017923963236987639e+01 1.018365538198099962e+01 1.006745946180383378e+01
6.305699664339744714e+00 8.812732809236285547e+00 9.160914331288921630e+00 9.290617194163493409e+00 9.290532304264639052e+00 9.296533085858886380e+00 9.381499467365570055e+00 9.580742547250695296e+00 9.781897014329654638e+00 9.974295922472087739e+00 1.033934785368312248e+01 1.063551795639657271e+01 1.085461382614190384e+01 1.103145583339979652e+01 1.117291785973896978e+01 1.128857197925528055e+01 1.138110892853812217e+01 1.143385350113658028e+01 1.143826925074770351e+01 1.132207333057053766e+01
