-4.835202479445950274e+00 -2.366872657653174006e+00 -2.096051294600214554e+00 -2.080918076231437208e+00 -2.038525493342636885e+00 -1.809597491656207868e+00 -1.462029213858002219e+00 -1.040157812496125711e+00 -6.373833795836489902e-01 -2.254773084791310556e-01 2.460009773374207676e-01 6.195445929846683519e-01 9.376782092283639791e-01 1.225263125994632496e+00 1.484408909793310194e+00 1.738077408508867272e+00 1.986798311654904836e+00 2.249087772715065547e+00 2.544146771134959906e+00 3.121822921419978414e+00
-2.612330631337821174e+00 -1.440008095450453496e-01 1.268205535079141022e-01 1.419537718766914480e-01 1.843463547654917711e-01 4.132743564519207879e-01 7.608426342501264372e-01 1.182714035612002945e+00 1.585488468524479666e+00 1.997394539628997601e+00 2.468872825445549424e+00 2.842416441092797008e+00 3.160550057336492635e+00 3.448134974102761152e+00 3.707280757901438850e+00 3.960949256616995928e+00 4.209670159763033936e+00 4.471959620823193760e+00 4.767018619243089006e+00 5.344694769528107514e+00
-2.191726235350136331e+00 2.766035864426394930e-01 5.474249494955989448e-01 5.625581678643762906e-01 6.049507507531766137e-01 8.338787524396056305e-01 1.181447030237811280e+00 1.603318431599687788e+00 2.006092864512164731e+00 2.417998935616682665e+00 2.889477221433234266e+00 3.263020837080481851e+00 3.581154453324177478e+00 3.868739370090445995e+00 4.127885153889123693e+00 4.381553652604680771e+00 4.630274555750718335e+00 4.892564016810879046e+00 5.187623015230773404e+00 5.765299165515791913e+00
-1.965978747380623837e+00 5.023510744121519878e-01 7.731724374651114395e-01 7.883056558338887854e-01 8.306982387226891085e-01 1.059626240409118125e+00 1.407194518207323775e+00 1.829065919569200283e+00 2.231840352481676781e+00 2.643746423586194716e+00 3.115224709402746761e+00 3.488768325049994345e+00 3.806901941293689973e+00 4.094486858059958934e+00 4.353632641858636632e+00 4.607301140574193710e+00 4.856022043720230386e+00 5.118311504780391985e+00 5.413370503200285455e+00 5.991046653485303963e+00
-1.830602722530533910e+00 6.377270992622419143e-01 9.085484623152013661e-01 9.236816806839787120e-01 9.660742635727790351e-01 1.195002265259208052e+00 1.542570543057413701e+00 1.964441944419290209e+00 2.367216377331766708e+00 2.779122448436284643e+00 3.250600734252836688e+00 3.624144349900084272e+00 3.942277966143779899e+00 4.229862882910047972e+00 4.489008666708725670e+00 4.742677165424282748e+00 4.991398068570321200e+00 5.253687529630481023e+00 5.548746528050376270e+00 6.126422678335394778e+00
-1.758548784759986550e+00 7.097810370327892748e-01 9.806024000857487266e-01 9.957356184545260724e-01 1.038128201343326396e+00 1.267056203029755412e+00 1.614624480827961062e+00 2.036495882189837570e+00 2.439270315102314513e+00 2.851176386206832447e+00 3.322654672023384048e+00 3.696198287670631633e+00 4.014331903914326816e+00 4.301916820680595777e+00 4.561062604479273475e+00 4.814731103194830553e+00 5.063452006340868117e+00 5.325741467401028828e+00 5.620800465820923186e+00 6.198476616105941694e+00
-1.744669246152165787e+00 7.236605756406100376e-01 9.944819386935694894e-01 1.009615157062346835e+00 1.052007739951147158e+00 1.280935741637576175e+00 1.628504019435781824e+00 2.050375420797658332e+00 2.453149853710135275e+00 2.865055924814653210e+00 3.336534210631204811e+00 3.710077826278452395e+00 4.028211442522147578e+00 4.315796359288416539e+00 4.574942143087094237e+00 4.828610641802651315e+00 5.077331544948688880e+00 5.339621006008849591e+00 5.634680004428743949e+00 6.212356154713762457e+00
-1.704562985821574728e+00 7.637668359712010968e-01 1.034588199024160549e+00 1.049721417392937894e+00 1.092114000281738218e+00 1.321042001968167234e+00 1.668610279766372884e+00 2.090481681128249392e+00 2.493256114040725890e+00 2.905162185145243825e+00 3.376640470961795870e+00 3.750184086609043455e+00 4.068317702852739082e+00 4.355902619619007154e+00 4.615048403417684852e+00 4.868716902133241931e+00 5.117437805279280383e+00 5.379727266339440206e+00 5.674786264759335452e+00 6.252462415044353961e+00
-1.710295778189661942e+00 7.580340436031138829e-01 1.028855406656073335e+00 1.043988625024850680e+00 1.086381207913651004e+00 1.315309209600080020e+00 1.662877487398285670e+00 2.084748888760162178e+00 2.487523321672639121e+00 2.899429392777157055e+00 3.370907678593708656e+00 3.744451294240956241e+00 4.062584910484652312e+00 4.350169827250920385e+00 4.609315611049598083e+00 4.862984109765155161e+00 5.111705012911192725e+00 5.373994473971353436e+00 5.669053472391247794e+00 6.246729622676266303e+00
-1.833529790401556170e+00 6.348000313912196546e-01 9.056213944441791064e-01 9.207546128129564522e-01 9.631471957017567753e-01 1.192075197388185792e+00 1.539643475186391441e+00 1.961514876548267949e+00 2.364289309460744448e+00 2.776195380565262383e+00 3.247673666381814428e+00 3.621217282029062012e+00 3.939350898272757640e+00 4.226935815039025712e+00 4.486081598837703410e+00 4.739750097553260488e+00 4.988471000699298941e+00 5.250760461759458764e+00 5.545819460179354010e+00 6.123495610464372518e+00
-1.751131835406828596e+00 7.171979863859472282e-01 9.880193494389066799e-01 1.003152567807684026e+00 1.045545150696484349e+00 1.274473152382913366e+00 1.622041430181119015e+00 2.043912831542995523e+00 2.446687264455472466e+00 2.858593335559990400e+00 3.330071621376542002e+00 3.703615237023789586e+00 4.021748853267485657e+00 4.309333770033753730e+00 4.568479553832431428e+00 4.822148052547988506e+00 5.070868955694026070e+00 5.333158416754186781e+00 5.628217415174081140e+00 6.205893565459099648e+00
-1.555969297963018860e+00 9.123605238297569642e-01 1.183181886882716416e+00 1.198315105251493762e+00 1.240707688140294085e+00 1.469635689826723102e+00 1.817203967624928751e+00 2.239075368986805259e+00 2.641849801899281758e+00 3.053755873003799692e+00 3.525234158820351738e+00 3.898777774467599322e+00 4.216911390711294949e+00 4.504496307477563022e+00 4.763642091276240720e+00 5.017310589991797798e+00 5.266031493137836250e+00 5.528320954197996073e+00 5.823379952617891320e+00 6.401056102902909828e+00
-1.481971768130907252e+00 9.863580536618685723e-01 1.257179416714828024e+00 1.272312635083605370e+00 1.314705217972405693e+00 1.543633219658834710e+00 1.891201497457040359e+00 2.313072898818917089e+00 2.715847331731393588e+00 3.127753402835911523e+00 3.599231688652463568e+00 3.972775304299711152e+00 4.290908920543406779e+00 4.578493837309674852e+00 4.837639621108352550e+00 5.091308119823909628e+00 5.340029022969947192e+00 5.602318484030107903e+00 5.897377482450002262e+00 6.475053632735020770e+00
-1.459541386847207134e+00 1.008788434945568691e+00 1.279609797998528142e+00 1.294743016367305488e+00 1.337135599256105811e+00 1.566063600942534828e+00 1.913631878740740477e+00 2.335503280102616763e+00 2.738277713015093706e+00 3.150183784119611641e+00 3.621662069936163242e+00 3.995205685583410826e+00 4.313339301827106453e+00 4.600924218593375414e+00 4.860070002392053112e+00 5.113738501107610190e+00 5.362459404253647755e+00 5.624748865313808466e+00 5.919807863733702824e+00 6.497484014018721332e+00
-1.467450670816157654e+00 1.000879150976618170e+00 1.271700514029577622e+00 1.286833732398354968e+00 1.329226315287155291e+00 1.558154316973584308e+00 1.905722594771789957e+00 2.327593996133666465e+00 2.730368429046142964e+00 3.142274500150660899e+00 3.613752785967212944e+00 3.987296401614460528e+00 4.305430017858156155e+00 4.593014934624424228e+00 4.852160718423101926e+00 5.105829217138659004e+00 5.354550120284697456e+00 5.616839581344857280e+00 5.911898579764752526e+00 6.489574730049771034e+00
-1.516545339062838949e+00 9.517844827299368760e-01 1.222605845782896328e+00 1.237739064151673674e+00 1.280131647040473997e+00 1.509059648726903013e+00 1.856627926525108663e+00 2.278499327886985171e+00 2.681273760799461670e+00 3.093179831903979604e+00 3.564658117720531649e+00 3.938201733367779234e+00 4.256335349611474861e+00 4.543920266377742934e+00 4.803066050176420632e+00 5.056734548891977710e+00 5.305455452038016162e+00 5.567744913098175985e+00 5.862803911518071232e+00 6.440480061803089740e+00
-1.626327116287323848e+00 8.420027055054519760e-01 1.112824068558411428e+00 1.127957286927188774e+00 1.170349869815989097e+00 1.399277871502418114e+00 1.746846149300623763e+00 2.168717550662500493e+00 2.571491983574976992e+00 2.983398054679494926e+00 3.454876340496046971e+00 3.828419956143294556e+00 4.146553572386990183e+00 4.434138489153258256e+00 4.693284272951935954e+00 4.946952771667493032e+00 5.195673674813530596e+00 5.457963135873691307e+00 5.753022134293585665e+00 6.330698284578604174e+00
-1.812211065753418726e+00 6.561187560393570983e-01 9.269401190923165501e-01 9.420733374610938959e-01 9.844659203498942190e-01 1.213393922036323236e+00 1.560962199834528885e+00 1.982833601196405393e+00 2.385608034108882336e+00 2.797514105213400271e+00 3.268992391029951872e+00 3.642536006677199456e+00 3.960669622920895083e+00 4.248254539687163600e+00 4.507400323485841298e+00 4.761068822201398376e+00 5.009789725347435940e+00 5.272079186407596652e+00 5.567138184827491010e+00 6.144814335112509518e+00
-2.159170330168317609e+00 3.091594916244582159e-01 5.799808546774176676e-01 5.951140730461950135e-01 6.375066559349953366e-01 8.664346576214243534e-01 1.214002935419630003e+00 1.635874336781506511e+00 2.038648769693983454e+00 2.450554840798501388e+00 2.922033126615052989e+00 3.295576742262300574e+00 3.613710358505996201e+00 3.901295275272264718e+00 4.160441059070942416e+00 4.414109557786499494e+00 4.662830460932537058e+00 4.925119921992697769e+00 5.220178920412592127e+00 5.797855070697610635e+00
-3.733575600979656794e+00 -1.265245779186880970e+00 -9.944244161339215182e-01 -9.792911977651441724e-01 -9.368986148763438493e-01 -7.079706131899148325e-01 -3.604023353917091832e-01 6.146906597016732476e-02 4.642434988826440456e-01 8.761495699871619802e-01 1.347627855803713803e+00 1.721171471450961388e+00 2.039305087694657015e+00 2.326890004460925532e+00 2.586035788259603230e+00 2.839704286975160308e+00 3.088425190121197872e+00 3.350714651181358583e+00 3.645773649601252941e+00 4.223449799886271450e+00
