-5.196708123227884002e+00 -2.709598673995214480e+00 -2.404095274429249862e+00 -2.348542231743463216e+00 -2.353642252530821821e+00 -2.230458561973021503e+00 -1.989877986433496115e+00 -1.653785799959382352e+00 -1.327838636662578509e+00 -9.959344884143299659e-01 -5.616337962049504640e-01 -2.190507142115163397e-01 6.035367488638820888e-02 2.993636587207397781e-01 5.154846839112372514e-01 7.132817468763641422e-01 8.952025070817444252e-01 1.079409564615593897e+00 1.260842398139319531e+00 1.583002639455783456e+00
-2.689674978331343613e+00 -2.025655290986740908e-01 1.029378704672905265e-01 1.584909131530771731e-01 1.533908923657185674e-01 2.765745829235188857e-01 5.171551584630442733e-01 8.532473449371580365e-01 1.179194508233961880e+00 1.511098656482210423e+00 1.945399348691589925e+00 2.287982430685024049e+00 2.567386819782928598e+00 2.806396803617280167e+00 3.022517828807777640e+00 3.220314891772904531e+00 3.402235651978284814e+00 3.586442709512134286e+00 3.767875543035859920e+00 4.090035784352323844e+00
-2.341493456278706642e+00 1.456159929539628806e-01 4.511193925199274979e-01 5.066724352057141445e-01 5.015724144183555389e-01 6.247561049761558571e-01 8.653366805156812447e-01 1.201428866989795008e+00 1.527376030286598851e+00 1.859280178534847394e+00 2.293580870744226896e+00 2.636163952737661020e+00 2.915568341835565569e+00 3.154578325669917138e+00 3.370699350860414611e+00 3.568496413825541502e+00 3.750417174030921785e+00 3.934624231564771257e+00 4.116057065088496891e+00 4.438217306404960816e+00
-2.211790593404135752e+00 2.753188558285337706e-01 5.808222553944983879e-01 6.363752980802850345e-01 6.312752772929264289e-01 7.544589678507267472e-01 9.950395433902521347e-01 1.331131729864365898e+00 1.657078893161169741e+00 1.988983041409418284e+00 2.423283733618797786e+00 2.765866815612231910e+00 3.045271204710136459e+00 3.284281188544488028e+00 3.500402213734985502e+00 3.698199276700112392e+00 3.880120036905492675e+00 4.064327094439342147e+00 4.245759927963067781e+00 4.567920169279531706e+00
-2.211875483302990553e+00 2.752339659296789698e-01 5.807373654956435871e-01 6.362904081814302337e-01 6.311903873940716281e-01 7.543740779518719464e-01 9.949546534913973339e-01 1.331046839965511097e+00 1.656994003262314941e+00 1.988898151510563483e+00 2.423198843719942985e+00 2.765781925713377110e+00 3.045186314811281658e+00 3.284196298645633227e+00 3.500317323836130701e+00 3.698114386801257591e+00 3.880035147006637875e+00 4.064242204540487791e+00 4.245675038064213425e+00 4.567835279380677349e+00
-2.205874701708741892e+00 2.812347475239276307e-01 5.867381470898922480e-01 6.422911897756788946e-01 6.371911689883202889e-01 7.603748595461206072e-01 1.000955435085645995e+00 1.337047621559759758e+00 1.662994784856563601e+00 1.994898933104812144e+00 2.429199625314191646e+00 2.771782707307625770e+00 3.051187096405530319e+00 3.290197080239881888e+00 3.506318105430379362e+00 3.704115168395506252e+00 3.886035928600886535e+00 4.070242986134736007e+00 4.251675819658461641e+00 4.573836060974925566e+00
-2.120908320202059549e+00 3.662011290306099731e-01 6.717045285965745904e-01 7.272575712823612371e-01 7.221575504950026314e-01 8.453412410528029497e-01 1.085921816592328337e+00 1.422014003066442100e+00 1.747961166363245944e+00 2.079865314611494487e+00 2.514166006820873989e+00 2.856749088814308113e+00 3.136153477912212661e+00 3.375163461746564231e+00 3.591284486937061704e+00 3.789081549902188595e+00 3.971002310107568878e+00 4.155209367641418794e+00 4.336642201165144428e+00 4.658802442481608352e+00
-1.921665240316934309e+00 5.654442089157352136e-01 8.709476084816998309e-01 9.265006511674864775e-01 9.214006303801278719e-01 1.044584320937928190e+00 1.285164896477453578e+00 1.621257082951567341e+00 1.947204246248371184e+00 2.279108394496619727e+00 2.713409086705999229e+00 3.055992168699433353e+00 3.335396557797337902e+00 3.574406541631689471e+00 3.790527566822186945e+00 3.988324629787313835e+00 4.170245389992693674e+00 4.354452447526544034e+00 4.535885281050269668e+00 4.858045522366733593e+00
-1.720510773237974966e+00 7.665986759946945561e-01 1.072102075560659173e+00 1.127655118246445820e+00 1.122555097459087214e+00 1.245738788016887533e+00 1.486319363556412920e+00 1.822411550030526683e+00 2.148358713327330527e+00 2.480262861575579070e+00 2.914563553784958572e+00 3.257146635778392696e+00 3.536551024876297245e+00 3.775561008710648814e+00 3.991682033901146287e+00 4.189479096866273622e+00 4.371399857071653017e+00 4.555606914605503377e+00 4.737039748129229011e+00 5.059199989445692935e+00
-1.528111865095541644e+00 9.589975841371278786e-01 1.264500983703092496e+00 1.320054026388879143e+00 1.314954005601520537e+00 1.438137696159320855e+00 1.678718271698846243e+00 2.014810458172959784e+00 2.340757621469763627e+00 2.672661769718012614e+00 3.106962461927391672e+00 3.449545543920826240e+00 3.728949933018730789e+00 3.967959916853081914e+00 4.184080942043579832e+00 4.381878005008706722e+00 4.563798765214087005e+00 4.748005822747936477e+00 4.929438656271662111e+00 5.251598897588126036e+00
-1.163059933884506236e+00 1.324049515348163286e+00 1.629552914914127904e+00 1.685105957599914550e+00 1.680005936812555944e+00 1.803189627370356263e+00 2.043770202909881650e+00 2.379862389383995414e+00 2.705809552680799257e+00 3.037713700929047800e+00 3.472014393138427302e+00 3.814597475131861426e+00 4.094001864229765530e+00 4.333011848064117544e+00 4.549132873254615461e+00 4.746929936219741464e+00 4.928850696425122635e+00 5.113057753958971219e+00 5.294490587482696853e+00 5.616650828799160777e+00
-8.668898311710568905e-01 1.620219618061612632e+00 1.925723017627577249e+00 1.981276060313363896e+00 1.976176039526005290e+00 2.099359730083805609e+00 2.339940305623330996e+00 2.676032492097444759e+00 3.001979655394248603e+00 3.333883803642497146e+00 3.768184495851876648e+00 4.110767577845310328e+00 4.390171966943215764e+00 4.629181950777566890e+00 4.845302975968063919e+00 5.043100038933191698e+00 5.225020799138571093e+00 5.409227856672421453e+00 5.590660690196147087e+00 5.912820931512611011e+00
-6.477939614257255396e-01 1.839315487806943983e+00 2.144818887372908378e+00 2.200371930058695469e+00 2.195271909271336419e+00 2.318455599829136737e+00 2.559036175368662569e+00 2.895128361842775888e+00 3.221075525139579732e+00 3.552979673387828718e+00 3.987280365597207776e+00 4.329863447590642345e+00 4.609267836688546893e+00 4.848277820522898018e+00 5.064398845713395936e+00 5.262195908678522827e+00 5.444116668883903110e+00 5.628323726417752582e+00 5.809756559941478216e+00 6.131916801257942140e+00
-4.709519541678335308e-01 2.016157495064835992e+00 2.321660894630800609e+00 2.377213937316587256e+00 2.372113916529228650e+00 2.495297607087028968e+00 2.735878182626554356e+00 3.071970369100668119e+00 3.397917532397471962e+00 3.729821680645720505e+00 4.164122372855100451e+00 4.506705454848534131e+00 4.786109843946438680e+00 5.025119827780789805e+00 5.241240852971287723e+00 5.439037915936414613e+00 5.620958676141794896e+00 5.805165733675644368e+00 5.986598567199370002e+00 6.308758808515833927e+00
-3.294899278286593791e-01 2.157619521404010143e+00 2.463122920969974761e+00 2.518675963655761407e+00 2.513575942868402802e+00 2.636759633426203120e+00 2.877340208965728507e+00 3.213432395439842271e+00 3.539379558736646114e+00 3.871283706984894657e+00 4.305584399194273715e+00 4.648167481187708283e+00 4.927571870285612832e+00 5.166581854119964845e+00 5.382702879310461874e+00 5.580499942275588765e+00 5.762420702480969048e+00 5.946627760014818520e+00 6.128060593538544154e+00 6.450220834855008079e+00
-2.138358083123494957e-01 2.273273640920320027e+00 2.578777040486284644e+00 2.634330083172071291e+00 2.629230062384712685e+00 2.752413752942513003e+00 2.992994328482038391e+00 3.329086514956152154e+00 3.655033678252955998e+00 3.986937826501204540e+00 4.421238518710584486e+00 4.763821600704018167e+00 5.043225989801922715e+00 5.282235973636273840e+00 5.498356998826771758e+00 5.696154061791898648e+00 5.878074821997278931e+00 6.062281879531128403e+00 6.243714713054854037e+00 6.565874954371317962e+00
-1.212988590295061009e-01 2.365810590203163422e+00 2.671313989769128039e+00 2.726867032454914686e+00 2.721767011667556080e+00 2.844950702225356398e+00 3.085531277764881786e+00 3.421623464238995549e+00 3.747570627535799392e+00 4.079474775784047935e+00 4.513775467993427881e+00 4.856358549986861561e+00 5.135762939084766110e+00 5.374772922919117235e+00 5.590893948109615152e+00 5.788691011074742043e+00 5.970611771280122326e+00 6.154818828813971798e+00 6.336251662337697432e+00 6.658411903654161357e+00
-6.855428643104932718e-02 2.418555162801620195e+00 2.724058562367584813e+00 2.779611605053371459e+00 2.774511584266012854e+00 2.897695274823813172e+00 3.138275850363338559e+00 3.474368036837452323e+00 3.800315200134256166e+00 4.132219348382504265e+00 4.566520040591884211e+00 4.909103122585317891e+00 5.188507511683223328e+00 5.427517495517574453e+00 5.643638520708071482e+00 5.841435583673199261e+00 6.023356343878578656e+00 6.207563401412429016e+00 6.388996234936154650e+00 6.711156476252618575e+00
-6.413853681992520706e-02 2.422970912412744315e+00 2.728474311978708933e+00 2.784027354664495579e+00 2.778927333877136974e+00 2.902111024434937292e+00 3.142691599974462680e+00 3.478783786448576443e+00 3.804730949745380286e+00 4.136635097993629273e+00 4.570935790203008331e+00 4.913518872196442899e+00 5.192923261294346560e+00 5.431933245128698573e+00 5.648054270319196490e+00 5.845851333284322493e+00 6.027772093489703664e+00 6.211979151023552248e+00 6.393411984547277882e+00 6.715572225863741807e+00
-1.803344569970914968e-01 2.306774992235578026e+00 2.612278391801542643e+00 2.667831434487329290e+00 2.662731413699970684e+00 2.785915104257771002e+00 3.026495679797296390e+00 3.362587866271410153e+00 3.688535029568213996e+00 4.020439177816462539e+00 4.454739870025841597e+00 4.797322952019276165e+00 5.076727341117180714e+00 5.315737324951532727e+00 5.531858350142029757e+00 5.729655413107156647e+00 5.911576173312536930e+00 6.095783230846386402e+00 6.277216064370112036e+00 6.599376305686575961e+00
