-5.260562622980463843e+00 -2.792232801187688018e+00 -2.521411438134728566e+00 -2.506278219765951221e+00 -2.463885636877150898e+00 -2.234957635190721881e+00 -1.887389357392516231e+00 -1.465517956030639724e+00 -1.062743523118163003e+00 -6.508374520136450680e-01 -1.793591661970932449e-01 1.941844494501543394e-01 5.123180656938499666e-01 7.999029824601184835e-01 1.059048766258796181e+00 1.312717264974353260e+00 1.561438168120390824e+00 1.823727629180551535e+00 2.118786627600445893e+00 2.696462777885464401e+00
-2.773453173747794320e+00 -3.051233519550184958e-01 -3.430198890205904405e-02 -1.916877053328169822e-02 2.322381235551862488e-02 2.521518140419476417e-01 5.997200918401532910e-01 1.021591493202029799e+00 1.424365926114506520e+00 1.836271997219024454e+00 2.307750283035576278e+00 2.681293898682823862e+00 2.999427514926519489e+00 3.287012431692788006e+00 3.546158215491465704e+00 3.799826714207022782e+00 4.048547617353060346e+00 4.310837078413221057e+00 4.605896076833115416e+00 5.183572227118133924e+00
-2.467949774181829703e+00 3.800476109461214946e-04 2.712014106639055733e-01 2.863346290326829191e-01 3.287272119214832422e-01 5.576552136079122590e-01 9.052234914061179083e-01 1.327094892767994416e+00 1.729869325680471137e+00 2.141775396784988850e+00 2.613253682601540895e+00 2.986797298248788479e+00 3.304930914492484106e+00 3.592515831258752623e+00 3.851661615057430321e+00 4.105330113772987843e+00 4.354051016919024519e+00 4.616340477979186119e+00 4.911399476399079589e+00 5.489075626684098097e+00
-2.412396731496043056e+00 5.593309029673276811e-02 3.267544533496922199e-01 3.418876717184695657e-01 3.842802546072698888e-01 6.132082562936989056e-01 9.607765340919045549e-01 1.382647935453781063e+00 1.785422368366257784e+00 2.197328439470775940e+00 2.668806725287327541e+00 3.042350340934575126e+00 3.360483957178270753e+00 3.648068873944539270e+00 3.907214657743216968e+00 4.160883156458774046e+00 4.409604059604811610e+00 4.671893520664972321e+00 4.966952519084866680e+00 5.544628669369885188e+00
-2.417496752283401662e+00 5.083306950937416246e-02 3.216544325623336142e-01 3.367876509311109601e-01 3.791802338199112832e-01 6.081082355063403000e-01 9.556765133045459493e-01 1.377547914666422457e+00 1.780322347578899178e+00 2.192228418683416891e+00 2.663706704499968936e+00 3.037250320147216520e+00 3.355383936390912147e+00 3.642968853157180664e+00 3.902114636955858362e+00 4.155783135671414996e+00 4.404504038817453448e+00 4.666793499877613272e+00 4.961852498297508518e+00 5.539528648582527026e+00
-2.294313061725601344e+00 1.740167600671744808e-01 4.448381231201339325e-01 4.599713414889112784e-01 5.023639243777116015e-01 7.312919260641406183e-01 1.078860203862346268e+00 1.500731605224222776e+00 1.903506038136699496e+00 2.315412109241217209e+00 2.786890395057769254e+00 3.160434010705016838e+00 3.478567626948712466e+00 3.766152543714980983e+00 4.025298327513658236e+00 4.278966826229215314e+00 4.527687729375253767e+00 4.789977190435413590e+00 5.085036188855308836e+00 5.662712339140327344e+00
-2.053732486186075956e+00 4.145973356066998683e-01 6.854186986596593201e-01 7.005519170284366659e-01 7.429444999172369890e-01 9.718725016036660058e-01 1.319440779401871655e+00 1.741312180763748163e+00 2.144086613676225106e+00 2.555992684780743041e+00 3.027470970597294642e+00 3.401014586244542226e+00 3.719148202488237853e+00 4.006733119254506370e+00 4.265878903053184068e+00 4.519547401768741146e+00 4.768268304914778710e+00 5.030557765974939421e+00 5.325616764394833780e+00 5.903292914679852288e+00
-1.717640299711962193e+00 7.506895220808136315e-01 1.021510885133773083e+00 1.036644103502550429e+00 1.079036686391350752e+00 1.307964688077779769e+00 1.655532965875985418e+00 2.077404367237861926e+00 2.480178800150338425e+00 2.892084871254856360e+00 3.363563157071408405e+00 3.737106772718655989e+00 4.055240388962351616e+00 4.342825305728620577e+00 4.601971089527298275e+00 4.855639588242855353e+00 5.104360491388892029e+00 5.366649952449053629e+00 5.661708950868947099e+00 6.239385101153965607e+00
-1.391693136415158349e+00 1.076636685377617475e+00 1.347458048430576927e+00 1.362591266799354273e+00 1.404983849688154596e+00 1.633911851374583613e+00 1.981480129172789262e+00 2.403351530534665770e+00 2.806125963447142269e+00 3.218032034551660203e+00 3.689510320368212248e+00 4.063053936015459833e+00 4.381187552259155460e+00 4.668772469025423533e+00 4.927918252824101231e+00 5.181586751539658309e+00 5.430307654685696761e+00 5.692597115745856584e+00 5.987656114165751831e+00 6.565332264450770339e+00
-1.059788988166909807e+00 1.408540833625866018e+00 1.679362196678825470e+00 1.694495415047602815e+00 1.736887997936403139e+00 1.965815999622832155e+00 2.313384277421037805e+00 2.735255678782914313e+00 3.138030111695391255e+00 3.549936182799909190e+00 4.021414468616461235e+00 4.394958084263707931e+00 4.713091700507403559e+00 5.000676617273672520e+00 5.259822401072350218e+00 5.513490899787907296e+00 5.762211802933944860e+00 6.024501263994105571e+00 6.319560262413999929e+00 6.897236412699018437e+00
-6.254882959575303047e-01 1.842841525835245520e+00 2.113662888888204971e+00 2.128796107256982317e+00 2.171188690145782640e+00 2.400116691832211657e+00 2.747684969630417307e+00 3.169556370992293814e+00 3.572330803904770313e+00 3.984236875009288248e+00 4.455715160825840293e+00 4.829258776473087877e+00 5.147392392716783505e+00 5.434977309483052466e+00 5.694123093281730164e+00 5.947791591997287242e+00 6.196512495143323918e+00 6.458801956203485517e+00 6.753860954623378987e+00 7.331537104908397495e+00
-2.829052139640961805e-01 2.185424607828679644e+00 2.456245970881639096e+00 2.471379189250416442e+00 2.513771772139216765e+00 2.742699773825645781e+00 3.090268051623851431e+00 3.512139452985727939e+00 3.914913885898204882e+00 4.326819957002722816e+00 4.798298242819274861e+00 5.171841858466521558e+00 5.489975474710217185e+00 5.777560391476486146e+00 6.036706175275163844e+00 6.290374673990720922e+00 6.539095577136758486e+00 6.801385038196919197e+00 7.096444036616813555e+00 7.674120186901832064e+00
-3.500824866191631912e-03 2.464828996926584193e+00 2.735650359979543644e+00 2.750783578348320990e+00 2.793176161237121313e+00 3.022104162923550330e+00 3.369672440721755979e+00 3.791543842083632487e+00 4.194318274996109430e+00 4.606224346100627365e+00 5.077702631917178522e+00 5.451246247564426994e+00 5.769379863808122622e+00 6.056964780574390694e+00 6.316110564373068392e+00 6.569779063088625470e+00 6.818499966234663034e+00 7.080789427294823746e+00 7.375848425714718104e+00 7.953524575999736612e+00
2.355091589681599373e-01 2.703838980760935762e+00 2.974660343813895214e+00 2.989793562182672559e+00 3.032186145071472883e+00 3.261114146757901899e+00 3.608682424556107549e+00 4.030553825917984057e+00 4.433328258830460555e+00 4.845234329934978490e+00 5.316712615751530535e+00 5.690256231398778120e+00 6.008389847642473747e+00 6.295974764408741819e+00 6.555120548207419517e+00 6.808789046922976596e+00 7.057509950069015048e+00 7.319799411129174871e+00 7.614858409549070117e+00 8.192534559834088626e+00
4.516301841586574106e-01 2.919960005951433235e+00 3.190781369004392687e+00 3.205914587373170033e+00 3.248307170261970356e+00 3.477235171948399373e+00 3.824803449746605022e+00 4.246674851108481974e+00 4.649449284020958473e+00 5.061355355125476407e+00 5.532833640942028453e+00 5.906377256589275149e+00 6.224510872832970776e+00 6.512095789599239737e+00 6.771241573397917435e+00 7.024910072113474513e+00 7.273630975259512077e+00 7.535920436319672788e+00 7.830979434739567147e+00 8.408655585024586543e+00
6.494272471237843014e-01 3.117757068916560126e+00 3.388578431969519578e+00 3.403711650338296923e+00 3.446104233227097247e+00 3.675032234913526263e+00 4.022600512711731469e+00 4.444471914073607977e+00 4.847246346986085364e+00 5.259152418090603298e+00 5.730630703907154455e+00 6.104174319554402928e+00 6.422307935798098555e+00 6.709892852564366628e+00 6.969038636363044326e+00 7.222707135078601404e+00 7.471428038224638968e+00 7.733717499284799679e+00 8.028776497704694037e+00 8.606452647989712545e+00
8.313480073291645844e-01 3.299677829121940409e+00 3.570499192174899861e+00 3.585632410543677207e+00 3.628024993432477530e+00 3.856952995118906546e+00 4.204521272917112640e+00 4.626392674278989148e+00 5.029167107191465647e+00 5.441073178295983581e+00 5.912551464112535626e+00 6.286095079759782323e+00 6.604228696003477950e+00 6.891813612769746911e+00 7.150959396568424609e+00 7.404627895283981687e+00 7.653348798430019251e+00 7.915638259490179962e+00 8.210697257910073432e+00 8.788373408195091940e+00
1.015555064863014056e+00 3.483884886655789881e+00 3.754706249708749333e+00 3.769839468077526679e+00 3.812232050966327002e+00 4.041160052652756463e+00 4.388728330450961224e+00 4.810599731812837732e+00 5.213374164725315119e+00 5.625280235829833053e+00 6.096758521646384210e+00 6.470302137293632683e+00 6.788435753537328310e+00 7.076020670303596383e+00 7.335166454102274081e+00 7.588834952817831159e+00 7.837555855963868723e+00 8.099845317024030322e+00 8.394904315443923792e+00 8.972580465728942301e+00
1.196987898386739690e+00 3.665317720179515515e+00 3.936139083232474967e+00 3.951272301601252313e+00 3.993664884490052636e+00 4.222592886176482097e+00 4.570161163974686858e+00 4.992032565336563366e+00 5.394806998249040753e+00 5.806713069353558687e+00 6.278191355170109844e+00 6.651734970817358317e+00 6.969868587061053944e+00 7.257453503827322017e+00 7.516599287625999715e+00 7.770267786341556793e+00 8.018988689487594357e+00 8.281278150547755956e+00 8.576337148967649426e+00 9.154013299252667935e+00
1.519148139703203615e+00 3.987477961495979439e+00 4.258299324548938891e+00 4.273432542917715793e+00 4.315825125806516560e+00 4.544753127492946021e+00 4.892321405291150782e+00 5.314192806653027290e+00 5.716967239565504677e+00 6.128873310670022612e+00 6.600351596486573769e+00 6.973895212133822241e+00 7.292028828377517868e+00 7.579613745143785941e+00 7.838759528942463639e+00 8.092428027658019829e+00 8.341148930804058281e+00 8.603438391864219881e+00 8.898497390284113351e+00 9.476173540569131859e+00
