-5.293953994202890811e+00
-2.792104543705217878e+00
-2.268456963927508951e+00
-1.941238300565132135e+00
-1.702663496735791426e+00
-1.515403385305480910e+00
-1.360362689546219528e+00
-1.231514038664865751e+00
-1.119514529033102335e+00
-1.021144319065454553e+00
-9.350379004088633650e-01
-8.550973650195849984e-01
-7.837478029393469825e-01
-7.196722594993012478e-01
-6.586851270048441620e-01
-6.045436276397424535e-01
-5.554949278903364984e-01
-5.054391426891449157e-01
-4.619630569755521776e-01
-4.206361109394745057e-01
-3.837578681883258014e-01
-3.449292323536816696e-01
-3.094900406483560573e-01
-2.775787048890929753e-01
-2.467715323448143039e-01
-2.162746812138127694e-01
-1.905735265560775105e-01
-1.625212628283865257e-01
-1.409699081428232859e-01
-1.173473852189559352e-01
-9.395168170592071988e-02
-7.049263516784698425e-02
-5.332905415511390856e-02
-3.300915360694567369e-02
-1.348204081262061038e-02
2.770500962666844202e-03
2.504434110626085896e-02
3.793727045166406242e-02
4.914122578434998445e-02
6.809684446765729149e-02
8.099677376099201354e-02
9.838857988616211969e-02
1.089447089893713638e-01
1.235584311929152079e-01
1.314155373876797483e-01
1.467806828748621228e-01
1.533260199527024525e-01
1.600983320971600676e-01
1.681110066448407991e-01
1.790190161894802401e-01
1.861569023377747101e-01
1.949205923704688814e-01
2.023120417342756383e-01
2.046898726559618353e-01
2.084725322787335244e-01
2.159279796106492455e-01
2.201605050242338990e-01
2.286419733024587231e-01
2.284408908076880351e-01
2.340865413571950882e-01
2.322683896467676590e-01
2.376101903512832791e-01
2.324155706060224702e-01
2.380753105721016283e-01
2.360852685723404676e-01
2.384602554261032736e-01
2.347860630982836483e-01
2.313521498640973562e-01
2.319194470863195079e-01
2.337116979762665636e-01
2.295641191171320372e-01
2.348577284967845458e-01
2.270135300312414728e-01
2.219234625919206394e-01
2.235269581385459503e-01
2.204721227590500376e-01
2.180150578799793237e-01
2.164576187236360028e-01
2.124344325058586946e-01
2.144109583025670673e-01
2.100751494073058723e-01
2.121335510859001516e-01
2.096927535900867667e-01
2.095201066239269494e-01
2.125457403525583544e-01
2.139443275538717160e-01
2.121005832830782367e-01
2.150596476217341291e-01
2.152787269520626268e-01
2.160769122602701486e-01
2.168384701796153280e-01
2.237770852878178118e-01
2.256592129391670198e-01
2.299332156736255683e-01
2.317555281627736719e-01
2.326258667037013339e-01
2.359459872216778109e-01
2.437842797190281630e-01
2.483032521399746173e-01
2.492950400470768102e-01
2.645777123368162620e-01
2.675788367480649299e-01
2.731219211204507502e-01
2.831457106506167776e-01
2.888382961764435208e-01
2.980871288991853163e-01
3.078711744196755973e-01
3.176557162837561066e-01
3.333072504780556500e-01
3.412469507815991676e-01
3.508680272382829202e-01
3.587866959277565826e-01
3.698952821095868870e-01
3.823737768847657037e-01
3.941493732098404479e-01
4.029782030216715327e-01
4.139661397030547363e-01
4.260760620122887588e-01
4.351668705680342697e-01
4.503003532899647610e-01
4.586760294412339789e-01
4.720056319164083192e-01
4.859324892760579218e-01
4.970542196820719738e-01
5.077248804874674448e-01
5.243837883648403420e-01
5.373806640430700554e-01
5.496126531958758221e-01
5.576261020072674768e-01
5.779036630481702019e-01
5.857826742334211190e-01
6.016138209401482584e-01
6.204730930705206760e-01
6.344381177459315069e-01
6.543624598734645303e-01
6.735994877175759399e-01
6.917747893863328557e-01
7.084909632946203573e-01
7.282701675392804219e-01
7.448335346414776126e-01
7.629117783224597105e-01
7.800349288282841798e-01
8.007695114536996783e-01
8.156086430082449823e-01
8.326851480193582233e-01
8.550780477061650231e-01
8.701150937121955309e-01
8.895270946049400607e-01
9.072401456037670897e-01
9.241885040012949304e-01
9.367060468250887340e-01
9.507614109893793852e-01
9.776698048840000155e-01
9.923172098505066430e-01
1.000914053448335395e+00
1.011389267410041981e+00
1.035215043538316948e+00
1.058055929425780306e+00
1.071337646533228494e+00
1.082345316204238017e+00
1.102861302957524714e+00
1.113390957205918852e+00
1.134312007802433797e+00
1.148979696031895870e+00
1.166751952811413418e+00
1.180277979332986504e+00
1.195365509154997952e+00
1.216191595078704779e+00
1.231869433187796403e+00
1.244169994077347852e+00
1.263616657253450626e+00
1.276901984348693730e+00
1.298417802951901123e+00
1.312696995493972452e+00
1.320843756057351825e+00
1.342290234955168415e+00
1.354317772107700435e+00
1.369830635089225979e+00
1.386747797239845426e+00
1.402965895407861652e+00
1.419906299565118601e+00
1.431487004135480134e+00
1.451693697096711588e+00
1.460529520848789176e+00
1.486527304533387550e+00
1.498791392347035512e+00
1.516236014100204699e+00
1.537691058861657467e+00
1.550178928559178715e+00
1.571419845246579072e+00
1.582925817893990228e+00
1.608988013653736004e+00
1.634277202447744770e+00
1.653337554724117808e+00
1.669223303170138450e+00
1.692113249103007533e+00
1.709737183750664968e+00
1.723148003800481831e+00
1.750886276018475129e+00
1.786175090934154497e+00
1.811492898918443117e+00
1.851615636381419350e+00
1.862375085224400095e+00
1.890497517466057431e+00
1.921344373776745940e+00
1.934383503483468658e+00
1.957483529674778566e+00
1.975081526355593198e+00
1.999989777809968672e+00
2.019413176020149692e+00
2.039451893463677834e+00
2.048977000876016419e+00
2.080668961317883259e+00
2.094054458847702804e+00
2.108801696986322582e+00
2.125331914311653136e+00
2.149034593238820179e+00
2.173664312927206410e+00
2.187056448420593213e+00
2.207305216679170456e+00
2.209732475979429012e+00
2.233930056344634707e+00
2.235175696764791553e+00
2.266317453823504025e+00
2.278510557552870353e+00
2.290425982170235741e+00
2.320850901800938004e+00
2.329408307037921233e+00
2.347477861884781802e+00
2.354615501088430207e+00
2.379070247382236047e+00
2.380150316611656436e+00
2.389414668328779356e+00
2.424074990581754463e+00
2.441119455820057738e+00
2.433491362841843753e+00
2.460955775632212905e+00
2.468285548771763871e+00
2.487269438977188329e+00
2.500710881332967261e+00
2.511702472575162659e+00
2.539996616105959504e+00
2.542959581236617694e+00
2.565422802852452833e+00
2.558811565635972229e+00
2.583534326404642201e+00
2.592269168116498435e+00
2.603239836749864367e+00
2.605629001003061163e+00
2.642309278139533646e+00
2.653893510150254542e+00
2.663315869762039156e+00
2.672586536826640824e+00
2.696121630236936184e+00
2.689081254554606559e+00
2.714923770045382767e+00
2.725145496530846145e+00
2.744817925294423588e+00
2.742331135079083992e+00
2.749393164636591891e+00
2.779331403107173415e+00
2.776971646568631158e+00
2.794043914269185080e+00
2.804395916888895002e+00
2.823461052613536637e+00
2.817809265094949112e+00
2.824584017358160892e+00
2.863944066060886584e+00
2.866752892297530053e+00
2.885145438924583416e+00
2.877356820818668837e+00
2.896067950441045369e+00
2.915628029312328451e+00
2.921552875379738623e+00
2.906440166075228149e+00
2.942950088115020790e+00
2.955742625337832052e+00
2.961459679611895268e+00
2.969544843800342449e+00
2.981106421358671099e+00
2.988161008057671708e+00
2.998469349263876538e+00
3.024131748075689075e+00
3.019956662444855056e+00
3.041566809897789270e+00
3.051244983484249218e+00
3.050610935063980733e+00
3.073982144875047950e+00
3.084053599060755602e+00
3.096584448550393276e+00
3.110320418313854418e+00
3.097838829825366957e+00
3.119784922223969303e+00
3.145315621760172320e+00
3.144077614793014064e+00
3.148572701025775800e+00
3.163204627497739452e+00
3.159742510576691643e+00
3.169609583565282662e+00
3.193858061892912659e+00
3.197358981405951539e+00
3.210494380840284379e+00
3.224391005556309864e+00
3.215714161530621951e+00
3.236615581346210746e+00
3.224726238546375967e+00
3.262305382795537056e+00
3.276769803287102434e+00
3.291446517703036534e+00
3.300809207630885922e+00
3.290550861575091801e+00
3.312820271044742526e+00
3.327203701753829179e+00
3.294587646603897468e+00
3.331857903583541614e+00
3.355746118758236918e+00
3.369020649966934400e+00
3.367182503074877431e+00
3.361976668508873445e+00
3.383062811466672315e+00
3.382473767664052389e+00
3.382768246193787576e+00
3.419361352289826073e+00
3.404603174796987375e+00
3.418750540909744728e+00
3.436928191617953487e+00
3.456287347980115499e+00
3.457661918643282206e+00
3.482949883534413260e+00
3.475705433837216418e+00
3.457133013992457649e+00
3.488608838673124879e+00
3.502012686900970451e+00
3.515935059132578644e+00
3.509673857998238944e+00
3.511682114837427093e+00
3.527441108236406109e+00
3.534500228976575897e+00
3.553649504853831687e+00
3.548422101418680086e+00
3.594539441739575736e+00
3.576622771768267484e+00
3.602334852713749314e+00
3.611301319468561033e+00
3.611301319468561033e+00
3.605641855543879615e+00
3.630736340065224610e+00
3.653254943141007516e+00
3.635275498029145069e+00
3.621345423996565671e+00
3.661783228452234695e+00
3.655702609419378746e+00
3.684887432844398347e+00
3.702707962050469703e+00
3.723746989443011302e+00
3.700142646392647450e+00
3.699199186520790050e+00
3.711534144678742209e+00
3.719751117781022742e+00
3.746084927884714588e+00
3.752032269119204955e+00
3.753880304331350004e+00
3.780702388100788625e+00
3.770378777693073502e+00
3.785390354494779785e+00
3.797801861338122364e+00
3.799885505491294779e+00
3.798991983466100564e+00
3.829214894240831057e+00
3.831057646605041000e+00
3.864821403943851763e+00
3.886192828727127235e+00
3.852183005072129518e+00
3.865298465255277094e+00
3.870241471413191192e+00
3.898613318518227899e+00
3.898777778678125472e+00
3.915696410794454962e+00
3.897462854096815477e+00
3.934268614375465489e+00
3.951110394136192028e+00
3.970712001776824707e+00
3.946441932298604627e+00
3.992510256340832342e+00
3.981551734746977544e+00
4.005967451604687923e+00
4.010187254215377806e+00
4.056470909794018809e+00
4.056856117811108220e+00
4.059943135504767042e+00
4.095945843589074542e+00
4.139551155060178900e+00
4.123773372912912905e+00
4.200594362064810738e+00
4.188435485621695875e+00
4.269174253257759233e+00
4.370888890263424642e+00
4.472681002942012540e+00
4.715357145022846197e+00
5.633324011007639243e+00
