-5.285505314585846826e+00 -2.849008250203615589e+00 -2.637346744244446040e+00 -2.647329437873380709e+00 -2.471752631663627131e+00 -2.069503095314074503e+00 -1.568499118270694659e+00 -1.028718046967850075e+00 -5.177522462012098536e-01 -6.208420612118015214e-03 5.126616217334252212e-01 9.437698086862744695e-01 1.315781901775459506e+00 1.673231579115542988e+00 2.009411068126154998e+00 2.325974337083930532e+00 2.670511294263719915e+00 3.047371794348593621e+00 3.528944159936049818e+00 4.471464074019060320e+00
-2.798395865353177303e+00 -3.618988009709460663e-01 -1.502372950117765171e-01 -1.602199886407111862e-01 1.535681756904239137e-02 4.176063539185950191e-01 9.186103309619748636e-01 1.458391402264819448e+00 1.969357203031459669e+00 2.480901028620551507e+00 2.999771070966094744e+00 3.430879257918943992e+00 3.802891351008129028e+00 4.160341028348212511e+00 4.496520517358824520e+00 4.813083786316600055e+00 5.157620743496389437e+00 5.534481243581263143e+00 6.016053609168719341e+00 6.958573523251729398e+00
-2.492892465787212686e+00 -5.639540140498144893e-02 1.552661045541881002e-01 1.452834109252534311e-01 3.208602171350070087e-01 7.231097534845596364e-01 1.224113730527939481e+00 1.763894801830784065e+00 2.274860602597424286e+00 2.786404428186516125e+00 3.305274470532059361e+00 3.736382657484908609e+00 4.108394750574094090e+00 4.465844427914177572e+00 4.802023916924788693e+00 5.118587185882564228e+00 5.463124143062353610e+00 5.839984643147227317e+00 6.321557008734684402e+00 7.264076922817693571e+00
-2.437339423101426039e+00 -8.423587191948023190e-04 2.108191472399747468e-01 2.008364536110400778e-01 3.764132598207936553e-01 7.786627961703462830e-01 1.279666773213726128e+00 1.819447844516570711e+00 2.330413645283210933e+00 2.841957470872302771e+00 3.360827513217846008e+00 3.791935700170695256e+00 4.163947793259880292e+00 4.521397470599963775e+00 4.857576959610575784e+00 5.174140228568351318e+00 5.518677185748140701e+00 5.895537685833014407e+00 6.377110051420470604e+00 7.319629965503480662e+00
-2.442439443888784645e+00 -5.942379506553407964e-03 2.057191264526161412e-01 1.957364328236814721e-01 3.713132390334350497e-01 7.735627753829876774e-01 1.274566752426367522e+00 1.814347823729212106e+00 2.325313624495852327e+00 2.836857450084944166e+00 3.355727492430487402e+00 3.786835679383336650e+00 4.158847772472521243e+00 4.516297449812604725e+00 4.852476938823217623e+00 5.169040207780993157e+00 5.513577164960782540e+00 5.890437665045656246e+00 6.372010030633111555e+00 7.314529944716122500e+00
-2.319255753330984327e+00 1.172413110512469103e-01 3.289028170104164595e-01 3.189201233814817904e-01 4.944969295912353680e-01 8.967464659407879957e-01 1.397750442984167840e+00 1.937531514287012424e+00 2.448497315053652645e+00 2.960041140642744484e+00 3.478911182988287720e+00 3.910019369941136969e+00 4.282031463030321561e+00 4.639481140370405043e+00 4.975660629381017941e+00 5.292223898338793475e+00 5.636760855518582858e+00 6.013621355603456564e+00 6.495193721190911873e+00 7.437713635273922819e+00
-2.078675177791458939e+00 3.578218865907722979e-01 5.694833925499418470e-01 5.595006989210071779e-01 7.350775051307607555e-01 1.137327041480313383e+00 1.638331018523693228e+00 2.178112089826537812e+00 2.689077890593178033e+00 3.200621716182269871e+00 3.719491758527813108e+00 4.150599945480662356e+00 4.522612038569847392e+00 4.880061715909930875e+00 5.216241204920542884e+00 5.532804473878318419e+00 5.877341431058107801e+00 6.254201931142981508e+00 6.735774296730437705e+00 7.678294210813447762e+00
-1.742582991317345176e+00 6.939140730648860611e-01 9.055755790240556102e-01 8.955928853951209412e-01 1.071169691604874519e+00 1.473419227954427146e+00 1.974423204997806991e+00 2.514204276300651575e+00 3.025170077067291796e+00 3.536713902656383635e+00 4.055583945001926871e+00 4.486692131954775675e+00 4.858704225043961600e+00 5.216153902384045082e+00 5.552333391394656203e+00 5.868896660352431738e+00 6.213433617532221120e+00 6.590294117617094827e+00 7.071866483204551912e+00 8.014386397287561081e+00
-1.416635828020541332e+00 1.019861236361689905e+00 1.231522742320859454e+00 1.221540048691924785e+00 1.397116854901678362e+00 1.799366391251230990e+00 2.300370368294610834e+00 2.840151439597455418e+00 3.351117240364095640e+00 3.862661065953187478e+00 4.381531108298730715e+00 4.812639295251580407e+00 5.184651388340764555e+00 5.542101065680848038e+00 5.878280554691460935e+00 6.194843823649236469e+00 6.539380780829025852e+00 6.916241280913899558e+00 7.397813646501354867e+00 8.340333560584365813e+00
-1.084731679772292789e+00 1.351765384609938447e+00 1.563426890569107996e+00 1.553444196940173327e+00 1.729021003149926905e+00 2.131270539499479533e+00 2.632274516542859377e+00 3.172055587845703961e+00 3.683021388612344182e+00 4.194565214201436021e+00 4.713435256546979701e+00 5.144543443499828506e+00 5.516555536589013542e+00 5.874005213929097025e+00 6.210184702939709034e+00 6.526747971897484568e+00 6.871284929077273951e+00 7.248145429162147657e+00 7.729717794749603854e+00 8.672237708832614800e+00
-6.504309875629132875e-01 1.786066076819317949e+00 1.997727582778487498e+00 1.987744889149552829e+00 2.163321695359306407e+00 2.565571231708859035e+00 3.066575208752238879e+00 3.606356280055083463e+00 4.117322080821724128e+00 4.628865906410815967e+00 5.147735948756358759e+00 5.578844135709207563e+00 5.950856228798393488e+00 6.308305906138476971e+00 6.644485395149088092e+00 6.961048664106863626e+00 7.305585621286653009e+00 7.682446121371526715e+00 8.164018486958983800e+00 9.106538401041992969e+00
-3.078479055694791633e-01 2.128649158812752074e+00 2.340310664771921623e+00 2.330327971142986954e+00 2.505904777352740531e+00 2.908154313702293159e+00 3.409158290745673003e+00 3.948939362048517587e+00 4.459905162815157809e+00 4.971448988404249647e+00 5.490319030749793328e+00 5.921427217702642132e+00 6.293439310791827168e+00 6.650888988131910651e+00 6.987068477142522660e+00 7.303631746100298194e+00 7.648168703280087577e+00 8.025029203364962171e+00 8.506601568952417480e+00 9.449121483035426650e+00
-2.844351647157461471e-02 2.408053547910656622e+00 2.619715053869826171e+00 2.609732360240891502e+00 2.785309166450645080e+00 3.187558702800197707e+00 3.688562679843577552e+00 4.228343751146422136e+00 4.739309551913062357e+00 5.250853377502154196e+00 5.769723419847696988e+00 6.200831606800546680e+00 6.572843699889731717e+00 6.930293377229815199e+00 7.266472866240427209e+00 7.583036135198202743e+00 7.927573092377992126e+00 8.304433592462865832e+00 8.786005958050321141e+00 9.728525872133332086e+00
2.105664673627769545e-01 2.647063531745008191e+00 2.858725037704177740e+00 2.848742344075243071e+00 3.024319150284996649e+00 3.426568686634549277e+00 3.927572663677929121e+00 4.467353734980774149e+00 4.978319535747413482e+00 5.489863361336505321e+00 6.008733403682049001e+00 6.439841590634898694e+00 6.811853683724082842e+00 7.169303361064166324e+00 7.505482850074779222e+00 7.822046119032554756e+00 8.166583076212344139e+00 8.543443576297217845e+00 9.025015941884673154e+00 9.967535855967684100e+00
4.266874925532744278e-01 2.863184556935505665e+00 3.074846062894675214e+00 3.064863369265740545e+00 3.240440175475494122e+00 3.642689711825046750e+00 4.143693688868426150e+00 4.683474760171271178e+00 5.194440560937911400e+00 5.705984386527003238e+00 6.224854428872546919e+00 6.655962615825395723e+00 7.027974708914580759e+00 7.385424386254664242e+00 7.721603875265276251e+00 8.038167144223052674e+00 8.382704101402840280e+00 8.759564601487713986e+00 9.241136967075171071e+00 1.018365688115818202e+01
6.244845555184013186e-01 3.060981619900632555e+00 3.272643125859802105e+00 3.262660432230867436e+00 3.438237238440621013e+00 3.840486774790173641e+00 4.341490751833553929e+00 4.881271823136398069e+00 5.392237623903038291e+00 5.903781449492130129e+00 6.422651491837672921e+00 6.853759678790522614e+00 7.225771771879707650e+00 7.583221449219791133e+00 7.919400938230403142e+00 8.235964207188178676e+00 8.580501164367968059e+00 8.957361664452841765e+00 9.438934030040297074e+00 1.038145394412330802e+01
8.064053157237816016e-01 3.242902380106012838e+00 3.454563886065182388e+00 3.444581192436247719e+00 3.620157998646001296e+00 4.022407534995553924e+00 4.523411512038933324e+00 5.063192583341778352e+00 5.574158384108418574e+00 6.085702209697510412e+00 6.604572252043054092e+00 7.035680438995902897e+00 7.407692532085087933e+00 7.765142209425171416e+00 8.101321698435782537e+00 8.417884967393558071e+00 8.762421924573349230e+00 9.139282424658222936e+00 9.620854790245678245e+00 1.056337470432868741e+01
9.906123732576310736e-01 3.427109437639862310e+00 3.638770943599031860e+00 3.628788249970097191e+00 3.804365056179850768e+00 4.206614592529403396e+00 4.707618569572783684e+00 5.247399640875627824e+00 5.758365441642268046e+00 6.269909267231359884e+00 6.788779309576902676e+00 7.219887496529752369e+00 7.591899589618937405e+00 7.949349266959020888e+00 8.285528755969632897e+00 8.602092024927408431e+00 8.946628982107197814e+00 9.323489482192071520e+00 9.805061847779526829e+00 1.074758176186253777e+01
1.172045206781356708e+00 3.608542271163587944e+00 3.820203777122757494e+00 3.810221083493822825e+00 3.985797889703576402e+00 4.388047426053129030e+00 4.889051403096509318e+00 5.428832474399353458e+00 5.939798275165993680e+00 6.451342100755085518e+00 6.970212143100628310e+00 7.401320330053478003e+00 7.773332423142663039e+00 8.130782100482747410e+00 8.466961589493358531e+00 8.783524858451134065e+00 9.128061815630923448e+00 9.504922315715797154e+00 9.986494681303252463e+00 1.092901459538626341e+01
1.494205448097820632e+00 3.930702512480051869e+00 4.142364018439221418e+00 4.132381324810286749e+00 4.307958131020040327e+00 4.710207667369592954e+00 5.211211644412973243e+00 5.750992715715817383e+00 6.261958516482457604e+00 6.773502342071549442e+00 7.292372384417092235e+00 7.723480571369941927e+00 8.095492664459126075e+00 8.452942341799211334e+00 8.789121830809822455e+00 9.105685099767597990e+00 9.450222056947387372e+00 9.827082557032261079e+00 1.030865492261971639e+01 1.125117483670272733e+01
