-5.367532373361109777e+00
-2.799171863726879650e+00
-2.289659111279906512e+00
-1.969978455308774912e+00
-1.741431673508905931e+00
-1.559306889715498912e+00
-1.411801276222302448e+00
-1.287275914184014880e+00
-1.180550429641698429e+00
-1.085196700740780784e+00
-1.004616577904036134e+00
-9.299545552109247382e-01
-8.631793647408372294e-01
-8.008673101379191195e-01
-7.453942199880678743e-01
-6.956141351237334902e-01
-6.475314226274626606e-01
-6.061088941173515821e-01
-5.673242866848209331e-01
-5.278467391833601141e-01
-4.921466529313676119e-01
-4.612769119720407929e-01
-4.310145892541559220e-01
-3.994859350930823894e-01
-3.762408765582705428e-01
-3.509174010527100762e-01
-3.288835149725368723e-01
-3.077317280574849434e-01
-2.861919627896192253e-01
-2.656312298123459925e-01
-2.512799832432381919e-01
-2.319034709387022275e-01
-2.184782858666611816e-01
-2.035512698937864684e-01
-1.908104241898609388e-01
-1.812960311222155951e-01
-1.668339065795976239e-01
-1.597947222123430322e-01
-1.507603677801281350e-01
-1.441419015517872992e-01
-1.362427136694268626e-01
-1.314422118052487320e-01
-1.287308886208791137e-01
-1.258464388659401578e-01
-1.233249839862384789e-01
-1.211267724657627554e-01
-1.210700718732269365e-01
-1.249431187504566054e-01
-1.267683245486690424e-01
-1.284002508034536305e-01
-1.332678579022985588e-01
-1.357172518925366944e-01
-1.392400670915048266e-01
-1.466114741598758542e-01
-1.489508986521190792e-01
-1.541689653743620880e-01
-1.563043589944701495e-01
-1.589659250462513995e-01
-1.623722187362783842e-01
-1.644867919856789484e-01
-1.664749939455756333e-01
-1.666984829828450643e-01
-1.630469900492581559e-01
-1.633069189525215847e-01
-1.625082294405295613e-01
-1.577812242750518124e-01
-1.545631661716395655e-01
-1.475472105507797949e-01
-1.395288717380473997e-01
-1.308405254866862322e-01
-1.227290063752324301e-01
-1.126177183441630092e-01
-1.001421235028274737e-01
-8.522311233040369416e-02
-7.525588447876785381e-02
-5.896300680438670838e-02
-4.369913158909177753e-02
-2.625821566234698423e-02
-1.015823003271520975e-02
7.991849929551264609e-03
2.987587250300727248e-02
4.762843923323245576e-02
6.861936981881200381e-02
9.255398161060668372e-02
1.114590741196952450e-01
1.350044770808658257e-01
1.576320661596746220e-01
1.839396652255782527e-01
2.094354382915177837e-01
2.329666402629708699e-01
2.586696977917508633e-01
2.846892221661114775e-01
3.122890220446645770e-01
3.394161657312757541e-01
3.633629733172174525e-01
3.944598883014904800e-01
4.211403248939689092e-01
4.476317562700540265e-01
4.783164854925132659e-01
5.112357078389706544e-01
5.374126128884082476e-01
5.730557003021239382e-01
5.987938219994681788e-01
6.319768253301401018e-01
6.623890977429187643e-01
6.962961333116375329e-01
7.225142011927569996e-01
7.589109853844089315e-01
7.852624694677512451e-01
8.191594839486437962e-01
8.526823306640434197e-01
8.777385113430540287e-01
9.138537038407363866e-01
9.486124975862999520e-01
9.738139181178198100e-01
1.005559199632337197e+00
1.040919017889637033e+00
1.078415621368829846e+00
1.104043008368096324e+00
1.138272458368275508e+00
1.166953229850665963e+00
1.203799486013089393e+00
1.232392855191012160e+00
1.269564324116489118e+00
1.298605880083618658e+00
1.333246606697816361e+00
1.362343486964103789e+00
1.401196853709969048e+00
1.440438029756636595e+00
1.461061011693082889e+00
1.495537961758804713e+00
1.531495871154515243e+00
1.564053541399500702e+00
1.606372615261438597e+00
1.637641932807175849e+00
1.664707522951356822e+00
1.698170770322070311e+00
1.727399714068168279e+00
1.770264157683447692e+00
1.795707251476152067e+00
1.821048227934635833e+00
1.861739971118536729e+00
1.896320304715317207e+00
1.920115704680195989e+00
1.957790441086027400e+00
1.985120942257797338e+00
2.025999357810007950e+00
2.057194844733107431e+00
2.084413883306392989e+00
2.118115844142630877e+00
2.148663010721788780e+00
2.174561339607940624e+00
2.211611575659395257e+00
2.235356443498597301e+00
2.266696849431566463e+00
2.302545093794023501e+00
2.320769430427896296e+00
2.360298955184518377e+00
2.400440509166097414e+00
2.429509786567711771e+00
2.455107099829483275e+00
2.475748712003234431e+00
2.514145983065187551e+00
2.537573518676177642e+00
2.572034397184765453e+00
2.587152022545680552e+00
2.634567424342405317e+00
2.662952560199176588e+00
2.697317997773183151e+00
2.719374074833652344e+00
2.751062091695500200e+00
2.787580540059018119e+00
2.818992935056268578e+00
2.830760355095149450e+00
2.869452107643660099e+00
2.899222813174183955e+00
2.934449045137091261e+00
2.953516051420910671e+00
2.986732889757190534e+00
3.020106936695645672e+00
3.053997181685966567e+00
3.075901655917093080e+00
3.113030426784860083e+00
3.132973395867496791e+00
3.170657252597726128e+00
3.200888569853812982e+00
3.233177609579060530e+00
3.246966705034726175e+00
3.289995957371326440e+00
3.326906569081906184e+00
3.348529033095070773e+00
3.380101473367421505e+00
3.406109426023174791e+00
3.447346037688134857e+00
3.458085243869202685e+00
3.500310784559514943e+00
3.511436444771089072e+00
3.554278633531392728e+00
3.577338079381028990e+00
3.624440937976697086e+00
3.658001134468999993e+00
3.678612341758158877e+00
3.684807754743882668e+00
3.733040349899704680e+00
3.742364622587588840e+00
3.784597717172907494e+00
3.808564297059914949e+00
3.818714828294494268e+00
3.856777531202167708e+00
3.892808786504341256e+00
3.907632657126852038e+00
3.963105795657462238e+00
3.950140327541273422e+00
3.993450004123873853e+00
4.013280837502373188e+00
4.035773812864320575e+00
4.057626979286936830e+00
4.082692709481651860e+00
4.111694200557213463e+00
4.154604250634831075e+00
4.159587331284036793e+00
4.169499235822859973e+00
4.190415030972832966e+00
4.233606629555607626e+00
4.241221758082859949e+00
4.283376583907541502e+00
4.313695315297612964e+00
4.331485623180164168e+00
4.337588785243312373e+00
4.360500004129601592e+00
4.392966254712266760e+00
4.418026938914922042e+00
4.441182335882640331e+00
4.452792505567208181e+00
4.467671672802456584e+00
4.499009990159700934e+00
4.530990787813840015e+00
4.542571044231570099e+00
4.549357121168878137e+00
4.574447013345249502e+00
4.632335854060860569e+00
4.641834170359683043e+00
4.636867272731345579e+00
4.693345876891816815e+00
4.706981452134774813e+00
4.703444755256430909e+00
4.743283488117725710e+00
4.752047381848850449e+00
4.772642539931839067e+00
4.844189086460589877e+00
4.838111579782411908e+00
4.871743295229636672e+00
4.887267880145971688e+00
4.905194781638257950e+00
4.882769923098360110e+00
4.960702925348046577e+00
4.960988354206842033e+00
4.970741730434578898e+00
5.002369549679222871e+00
5.007739490984230102e+00
5.031042103873918592e+00
5.087732344481221247e+00
5.106045478900913537e+00
5.103079584487534959e+00
5.158207658563391362e+00
5.135858438850332774e+00
5.180356568914471715e+00
5.174684806102760604e+00
5.219136568673595100e+00
5.229164507859719535e+00
5.236281975628583218e+00
5.307963743599841244e+00
5.282050394084164324e+00
5.327952171677726945e+00
5.327128448402155492e+00
5.366168033456210296e+00
5.344989774746466971e+00
5.345408974081886200e+00
5.406793842884120238e+00
5.430250037808861840e+00
5.458955712510848990e+00
5.456141451741602921e+00
5.465080584426138088e+00
5.472670753692813861e+00
5.504603800795822899e+00
5.571176510108179158e+00
5.592956919567315666e+00
5.583336321580333106e+00
5.587600720366791229e+00
5.614124602725665270e+00
5.624047506637347205e+00
5.682216696741639872e+00
5.679285003055812631e+00
5.712016279583304268e+00
5.697005490377176962e+00
5.776353167491035556e+00
5.722353860241636170e+00
5.791303072185695733e+00
5.807810545080248410e+00
5.825950108630408408e+00
5.866066137713647599e+00
5.891800223995035779e+00
5.870309425551513804e+00
5.918214085368388666e+00
5.901989540680379065e+00
5.912283749233540497e+00
5.959190986557685754e+00
5.947639067567951798e+00
6.023161633851236374e+00
6.033120222376814112e+00
6.001110924159786641e+00
6.105753693510108882e+00
6.030621262309175279e+00
6.134873130403337704e+00
6.164866006527376818e+00
6.193825559239662937e+00
6.152572707502738325e+00
6.226680679656459994e+00
6.218616119819730059e+00
6.178276169174800714e+00
6.240952073761793173e+00
6.293651305762644199e+00
6.322193309102128289e+00
6.324422964429397886e+00
6.378304191092980524e+00
6.323307515345532259e+00
6.424095323288915083e+00
6.397329735237485160e+00
6.436502430335968583e+00
6.459230681413525410e+00
6.483795588237807550e+00
6.558507850872200784e+00
6.518419552803855765e+00
6.526582863443016969e+00
6.625588387218465769e+00
6.640786248127897196e+00
6.713834586344829880e+00
6.639256025947129380e+00
6.640786248127897196e+00
6.783769299201145131e+00
6.654664651299974309e+00
6.713834586344829880e+00
6.847601356162389408e+00
6.727101779288878980e+00
6.814264935894797759e+00
6.870459494238439824e+00
6.825254057470393043e+00
6.853267093698066859e+00
6.927957986299656312e+00
6.991136887921187260e+00
6.915787450679400372e+00
7.024289095238088088e+00
7.098915784443295074e+00
6.995494193290142881e+00
6.973895081486681136e+00
7.125911288785307107e+00
7.264430222920869262e+00
7.166526007939497234e+00
7.198107579989796001e+00
7.278818960372968050e+00
7.258732201806231465e+00
7.311222384427627397e+00
7.296363270023878300e+00
7.379360189594845743e+00
7.469874197135677463e+00
7.473389139243121981e+00
7.625195152111126085e+00
7.498345871216989700e+00
7.561681746388800640e+00
7.617031841471965770e+00
7.684284068481132657e+00
7.789644584138959438e+00
7.829058552679835969e+00
7.706262975199908105e+00
7.824046010856291922e+00
7.775255846686859762e+00
8.047189562170501631e+00
8.004369564987573682e+00
7.940579827112243194e+00
8.059768344377360449e+00
8.111728083308072712e+00
8.180720954795024369e+00
8.202382451576202271e+00
8.458924283292262203e+00
8.403864506109233190e+00
8.517193191416236431e+00
8.449534542942423343e+00
8.668016081150820895e+00
8.517193191416236431e+00
8.888256872807069442e+00
9.152071463852205824e+00
9.115030192171857948e+00
9.097011686669178587e+00
9.190537744680002064e+00
1.034977465516454664e+01
1.017792439823788797e+01
1.023199161950816460e+01
1.104292183572449204e+01
1.173606901628443744e+01
1.312236337740432823e+01
