-4.332041222343194775e+00
-1.924691501152697271e+00
-1.388189970194479983e+00
-1.053271446528663446e+00
-8.181203689751814778e-01
-6.321729753268510166e-01
-4.658841074213313505e-01
-3.476936184989014578e-01
-2.486144716399874000e-01
-1.364232492493808735e-01
-5.677738042092883575e-02
2.647843444285769010e-02
9.684926178939967656e-02
1.557608877808984715e-01
2.265112876126647024e-01
2.935021564289428397e-01
3.359996609753554964e-01
3.799941877823869163e-01
4.472362563709850747e-01
4.802621198218304244e-01
4.695576716442513288e-01
5.249389302162761339e-01
5.684090373920014372e-01
5.982335072660944775e-01
6.380065647474211232e-01
6.570886855417281680e-01
6.624975847557159625e-01
7.076657007660287491e-01
7.237357728646305333e-01
7.411853223861584183e-01
8.150998771768449558e-01
7.834169902937340169e-01
8.046254435398907390e-01
8.135967955771601368e-01
8.493749580855318726e-01
8.540558840923431205e-01
9.166569651688547538e-01
8.949169785324482262e-01
9.233392486374363273e-01
9.426324515721145048e-01
9.405839701456422119e-01
9.405839701456422119e-01
9.630025672688145022e-01
9.598683143112474170e-01
9.877213399502249302e-01
1.001038074440988801e+00
9.909442612717693777e-01
1.053476188644472344e+00
1.007216542214581345e+00
1.042086543880114569e+00
9.887944933352770249e-01
1.060372767703532837e+00
1.074310275547314397e+00
1.074700215111623613e+00
1.055004656653161454e+00
1.106801247644018105e+00
1.107607049460383131e+00
1.048144873655874498e+00
1.078999615910700705e+00
1.090820084511126886e+00
1.117734743885151261e+00
1.082924267730065004e+00
1.086469672271100251e+00
1.086075117126901191e+00
1.136642006667483606e+00
1.145393885826374358e+00
1.128789104150011546e+00
1.101178742872410687e+00
1.092406756799573664e+00
1.160577644424821919e+00
1.116513990935991352e+00
1.156760036394876678e+00
1.147069629829742254e+00
1.169113761130754270e+00
1.122223631243211450e+00
1.149168266486664258e+00
1.161853426013979451e+00
1.134983631494707268e+00
1.143720945243811293e+00
1.138303136617560440e+00
1.123041961894443830e+00
1.134983631494707268e+00
1.140800016816147178e+00
1.098379300932195157e+00
1.179021229636345147e+00
1.145393885826374358e+00
1.120997389519967413e+00
1.127554790066126245e+00
1.140800016816147178e+00
1.095986001026354906e+00
1.143303147034266054e+00
1.110836765630768497e+00
1.131262312335658216e+00
1.095986001026354906e+00
1.134155474097478411e+00
1.114482708498774066e+00
1.138303136617560440e+00
1.135397967527152829e+00
1.101579303662865605e+00
1.083317581402784668e+00
1.056152542755862456e+00
1.095189505564095001e+00
1.080567628776068823e+00
1.086469672271100251e+00
1.096384486785762391e+00
1.047006137529786329e+00
1.058452275467393733e+00
1.050426243466644038e+00
1.047006137529786329e+00
1.061526835921639211e+00
1.047006137529786329e+00
1.049284907980373660e+00
1.038318641909164342e+00
1.049284907980373660e+00
1.027471331509143937e+00
1.036064696552239539e+00
1.037191034197127770e+00
1.015636873862141520e+00
1.002125622128387405e+00
1.020797224421451155e+00
1.016740423725836173e+00
9.402429641747334088e-01
9.823727802216284388e-01
9.689497598894885044e-01
9.519029042305291455e-01
9.745796129015582565e-01
9.633514247640668771e-01
8.842216894156997853e-01
9.368392849187117122e-01
9.183233544896420852e-01
9.106808517655125002e-01
9.093576626872419411e-01
9.494911890219563944e-01
8.720459542498844030e-01
9.146609565221393012e-01
8.848666426789471018e-01
8.450257744670306437e-01
8.181128351656763442e-01
8.810031478539013250e-01
8.244697507758207422e-01
8.111965544008103990e-01
8.265977345549710975e-01
8.275111156505907672e-01
7.752892242150153379e-01
7.983930446751195120e-01
7.487579290401242815e-01
7.518595810402803892e-01
7.149877673771136699e-01
7.084766212051150092e-01
7.001286529733636854e-01
7.204462962142326177e-01
7.133560019892080106e-01
6.744488831519852567e-01
6.496670263958925773e-01
6.292246741596105863e-01
6.185400154244931059e-01
6.197765680737106209e-01
6.084575495879072093e-01
6.004155908086126203e-01
5.518566137862048748e-01
5.941247401564595521e-01
5.604483304015470679e-01
5.467828021633920343e-01
5.490858893168173438e-01
5.048847822113344819e-01
4.689190340493691878e-01
4.678555435737212775e-01
4.480695897525439619e-01
4.362596524267594589e-01
3.850693499544348697e-01
4.032373062258169938e-01
3.860483025534175994e-01
3.614751400151501315e-01
3.446074985558151837e-01
3.160764784674832129e-01
3.012103598722628561e-01
2.886923137189061350e-01
2.426732555696631266e-01
2.392845705241466447e-01
2.125807140767186354e-01
2.173681767906252560e-01
1.560721233887640835e-01
1.357355728885654145e-01
1.284418161957585625e-01
1.042108969199588842e-01
4.761911814524388831e-02
2.565842619682712211e-02
9.801212448884655259e-03
-3.567311380720461500e-02
-7.039663259910788895e-02
-9.624482856998284319e-02
-1.490063878593925750e-01
-2.148203371189278954e-01
-2.497560835121959144e-01
-3.094467562128535576e-01
-3.518231410261183356e-01
-4.306763893308342972e-01
-5.210722054663747826e-01
-6.326681824396569453e-01
-9.037157419456693930e-01
-9.037157419456693930e-01
-6.326681824396569453e-01
-5.210722054663747826e-01
-4.306763893308342972e-01
-3.518231410261183356e-01
-3.094467562128535576e-01
-2.497560835121959144e-01
-2.148203371189278954e-01
-1.490063878593925750e-01
-9.624482856998284319e-02
-7.039663259910788895e-02
-3.567311380720461500e-02
9.801212448884655259e-03
2.565842619682712211e-02
4.761911814524388831e-02
1.042108969199588842e-01
1.284418161957585625e-01
1.357355728885654145e-01
1.560721233887640835e-01
2.173681767906252560e-01
2.125807140767186354e-01
2.392845705241466447e-01
2.426732555696631266e-01
2.886923137189061350e-01
3.012103598722628561e-01
3.160764784674832129e-01
3.446074985558151837e-01
3.614751400151501315e-01
3.860483025534175994e-01
4.032373062258169938e-01
3.850693499544348697e-01
4.362596524267594589e-01
4.480695897525439619e-01
4.678555435737212775e-01
4.689190340493691878e-01
5.048847822113344819e-01
5.490858893168173438e-01
5.467828021633920343e-01
5.604483304015470679e-01
5.941247401564595521e-01
5.518566137862048748e-01
6.004155908086126203e-01
6.084575495879072093e-01
6.197765680737106209e-01
6.185400154244931059e-01
6.292246741596105863e-01
6.496670263958925773e-01
6.744488831519852567e-01
7.133560019892080106e-01
7.204462962142326177e-01
7.001286529733636854e-01
7.084766212051150092e-01
7.149877673771136699e-01
7.518595810402803892e-01
7.487579290401242815e-01
7.983930446751195120e-01
7.752892242150153379e-01
8.275111156505907672e-01
8.265977345549710975e-01
8.111965544008103990e-01
8.244697507758207422e-01
8.810031478539013250e-01
8.181128351656763442e-01
8.450257744670306437e-01
8.848666426789471018e-01
9.146609565221393012e-01
8.720459542498844030e-01
9.494911890219563944e-01
9.093576626872419411e-01
9.106808517655125002e-01
9.183233544896420852e-01
9.368392849187117122e-01
8.842216894156997853e-01
9.633514247640668771e-01
9.745796129015582565e-01
9.519029042305291455e-01
9.689497598894885044e-01
9.823727802216284388e-01
9.402429641747334088e-01
1.016740423725836173e+00
1.020797224421451155e+00
1.002125622128387405e+00
1.015636873862141520e+00
1.037191034197127770e+00
1.036064696552239539e+00
1.027471331509143937e+00
1.049284907980373660e+00
1.038318641909164342e+00
1.049284907980373660e+00
1.047006137529786329e+00
1.061526835921639211e+00
1.047006137529786329e+00
1.050426243466644038e+00
1.058452275467393733e+00
1.047006137529786329e+00
1.096384486785762391e+00
1.086469672271100251e+00
1.080567628776068823e+00
1.095189505564095001e+00
1.056152542755862456e+00
1.083317581402784668e+00
1.101579303662865605e+00
1.135397967527152829e+00
1.138303136617560440e+00
1.114482708498774066e+00
1.134155474097478411e+00
1.095986001026354906e+00
1.131262312335658216e+00
1.110836765630768497e+00
1.143303147034266054e+00
1.095986001026354906e+00
1.140800016816147178e+00
1.127554790066126245e+00
1.120997389519967413e+00
1.145393885826374358e+00
1.179021229636345147e+00
1.098379300932195157e+00
1.140800016816147178e+00
1.134983631494707268e+00
1.123041961894443830e+00
1.138303136617560440e+00
1.143720945243811293e+00
1.134983631494707268e+00
1.161853426013979451e+00
1.149168266486664258e+00
1.122223631243211450e+00
1.169113761130754270e+00
1.147069629829742254e+00
1.156760036394876678e+00
1.116513990935991352e+00
1.160577644424821919e+00
1.092406756799573664e+00
1.101178742872410687e+00
1.128789104150011546e+00
1.145393885826374358e+00
1.136642006667483606e+00
1.086075117126901191e+00
1.086469672271100251e+00
1.082924267730065004e+00
1.117734743885151261e+00
1.090820084511126886e+00
1.078999615910700705e+00
1.048144873655874498e+00
1.107607049460383131e+00
1.106801247644018105e+00
1.055004656653161454e+00
1.074700215111623613e+00
1.074310275547314397e+00
1.060372767703532837e+00
9.887944933352770249e-01
1.042086543880114569e+00
1.007216542214581345e+00
1.053476188644472344e+00
9.909442612717693777e-01
1.001038074440988801e+00
9.877213399502249302e-01
9.598683143112474170e-01
9.630025672688145022e-01
9.405839701456422119e-01
9.405839701456422119e-01
9.426324515721145048e-01
9.233392486374363273e-01
8.949169785324482262e-01
9.166569651688547538e-01
8.540558840923431205e-01
8.493749580855318726e-01
8.135967955771601368e-01
8.046254435398907390e-01
7.834169902937340169e-01
8.150998771768449558e-01
7.411853223861584183e-01
7.237357728646305333e-01
7.076657007660287491e-01
6.624975847557159625e-01
6.570886855417281680e-01
6.380065647474211232e-01
5.982335072660944775e-01
5.684090373920014372e-01
5.249389302162761339e-01
4.695576716442513288e-01
4.802621198218304244e-01
4.472362563709850747e-01
3.799941877823869163e-01
3.359996609753554964e-01
2.935021564289428397e-01
2.265112876126647024e-01
1.557608877808984715e-01
9.684926178939967656e-02
2.647843444285769010e-02
-5.677738042092883575e-02
-1.364232492493808735e-01
-2.486144716399874000e-01
-3.476936184989014578e-01
-4.658841074213313505e-01
-6.321729753268510166e-01
-8.181203689751814778e-01
-1.053271446528663446e+00
-1.388189970194479983e+00
-1.924691501152697271e+00
-4.332041222343194775e+00
