-4.419279416561707308e+00
-2.019202077956453678e+00
-1.484036557912022047e+00
-1.150757329393147899e+00
-9.064129076404761065e-01
-7.098575434778080506e-01
-5.561123393407854110e-01
-4.160344926622592254e-01
-3.109514954864227576e-01
-2.094165204712510331e-01
-1.330723489230560830e-01
-4.717676462129638537e-02
3.665648769140616992e-02
1.007130251892380812e-01
1.617422595946447217e-01
1.977951909383754980e-01
2.447148588810836856e-01
3.066697869500369933e-01
3.577753598603141683e-01
3.971265510928478903e-01
4.128037858231667911e-01
4.617077480012579116e-01
5.204861747777389525e-01
5.354428611360049217e-01
5.597735133671886132e-01
6.019238733926570717e-01
6.202380967740630524e-01
6.705296274687970737e-01
6.785550137316747055e-01
7.038075795042306737e-01
7.369715154442495475e-01
7.440099852159605121e-01
7.607204137751644168e-01
7.831618788592447089e-01
7.999705932925937901e-01
8.226350016785204389e-01
8.515562720769658256e-01
8.401264303796054378e-01
8.760547923821491167e-01
8.902084265112453210e-01
9.063744502921764479e-01
9.198867202223937056e-01
9.364340170090876825e-01
9.586324867982352060e-01
9.620051712768749042e-01
9.608796787551412422e-01
9.703734209473910965e-01
9.846699988712828144e-01
1.002686409937934897e+00
1.004682301413533096e+00
1.008214209959087171e+00
1.031480784747616397e+00
1.060631654753358077e+00
1.034866519541747465e+00
1.043259197886643008e+00
1.055796235251882820e+00
1.090273731652793288e+00
1.074397358298382343e+00
1.076036806297848258e+00
1.076668079597014938e+00
1.096051496971478301e+00
1.106146056612962170e+00
1.106276137913958735e+00
1.111885701902927792e+00
1.127974668232809563e+00
1.106796632395456115e+00
1.126646117486048482e+00
1.125319329444788963e+00
1.111754888899927352e+00
1.137995461552446130e+00
1.151106415056208476e+00
1.134777869287288965e+00
1.142976288972958443e+00
1.160538512868379613e+00
1.153694796039504311e+00
1.174228832477062667e+00
1.147439676378787965e+00
1.144597034870692198e+00
1.158754635894466034e+00
1.181635756145462679e+00
1.160126566415591753e+00
1.169921774759417943e+00
1.157247683078290734e+00
1.152331655152309509e+00
1.166323652969950331e+00
1.169783145799605961e+00
1.148660429327948762e+00
1.162050436735526660e+00
1.185571109080997942e+00
1.156426664969774976e+00
1.151923074962764915e+00
1.154377063924330926e+00
1.157795403207005691e+00
1.159852029694581788e+00
1.159303182260387644e+00
1.172142455755286861e+00
1.156837089765193838e+00
1.171864600793787403e+00
1.141762451073564222e+00
1.141088732797054917e+00
1.145273121705990604e+00
1.144867414756076229e+00
1.142032065526532136e+00
1.144597034870692198e+00
1.134911729136227621e+00
1.163840207984954134e+00
1.138667098356522800e+00
1.118711666973327468e+00
1.120689385331717247e+00
1.103029170972709139e+00
1.106015992230910072e+00
1.089377960910191234e+00
1.100051244255924487e+00
1.103677721485096797e+00
1.113718882984588987e+00
1.085548006017891254e+00
1.078184763406460078e+00
1.080337344168000868e+00
1.086312824410814670e+00
1.082494568531002344e+00
1.080590893865100099e+00
1.067991508345702556e+00
1.060383114923570957e+00
1.059886220503408083e+00
1.036927750947500115e+00
1.036078493996246408e+00
1.025943272102201931e+00
1.049876869096316057e+00
1.023305697140671100e+00
1.003155673203233178e+00
9.966059421862656365e-01
9.974223163642079726e-01
9.945097495006898214e-01
9.844396372024455388e-01
9.655022699957402921e-01
9.891726907712126149e-01
9.785832732175840931e-01
9.687848582622535787e-01
9.394021937608769690e-01
9.300875683085703116e-01
9.366535800794615341e-01
9.464732650973832762e-01
9.215075536854531180e-01
9.319435653477121662e-01
8.913620106148432143e-01
8.741964395863384141e-01
8.745059253266749266e-01
8.664902622262626863e-01
8.555979063549639108e-01
8.585383393988017531e-01
8.522623799390576238e-01
8.258729969522953240e-01
8.115291885544184680e-01
8.189193427639427370e-01
7.826911355468766374e-01
7.857077290863010433e-01
7.574109788737981575e-01
7.431048439521354965e-01
7.497312921995700208e-01
7.430143748698831985e-01
7.199426191267370712e-01
7.129831583631780489e-01
6.986884845546104117e-01
6.790640491206243468e-01
6.654939475031813600e-01
6.666666733872901318e-01
6.526012756782577640e-01
6.330417503645566768e-01
6.171224561470651793e-01
6.130627490787929901e-01
5.783221257323702957e-01
5.675615380624527972e-01
5.643785115023316479e-01
5.357369355389476340e-01
5.230965743457591799e-01
5.011224028005631936e-01
4.812905292024716175e-01
4.673226627805107114e-01
4.429030813316234827e-01
4.143655743881673459e-01
3.845949790645111221e-01
3.801167477323286192e-01
3.675466188039404614e-01
3.292011206243987687e-01
3.025848139492879341e-01
2.920989547563799249e-01
2.536587709835327331e-01
2.268475135328760217e-01
2.035807222501038183e-01
1.785253709009779755e-01
1.428506096376427337e-01
9.776667510361747304e-02
5.744969562114121686e-02
6.277186979195548133e-03
-3.166359852857603130e-02
-9.447827582474666031e-02
-1.773570372421016117e-01
-2.512487542138668317e-01
-3.639759637946422544e-01
-6.145325518837214673e-01
-6.145325518837214673e-01
-3.639759637946422544e-01
-2.512487542138668317e-01
-1.773570372421016117e-01
-9.447827582474666031e-02
-3.166359852857603130e-02
6.277186979195548133e-03
5.744969562114121686e-02
9.776667510361747304e-02
1.428506096376427337e-01
1.785253709009779755e-01
2.035807222501038183e-01
2.268475135328760217e-01
2.536587709835327331e-01
2.920989547563799249e-01
3.025848139492879341e-01
3.292011206243987687e-01
3.675466188039404614e-01
3.801167477323286192e-01
3.845949790645111221e-01
4.143655743881673459e-01
4.429030813316234827e-01
4.673226627805107114e-01
4.812905292024716175e-01
5.011224028005631936e-01
5.230965743457591799e-01
5.357369355389476340e-01
5.643785115023316479e-01
5.675615380624527972e-01
5.783221257323702957e-01
6.130627490787929901e-01
6.171224561470651793e-01
6.330417503645566768e-01
6.526012756782577640e-01
6.666666733872901318e-01
6.654939475031813600e-01
6.790640491206243468e-01
6.986884845546104117e-01
7.129831583631780489e-01
7.199426191267370712e-01
7.430143748698831985e-01
7.497312921995700208e-01
7.431048439521354965e-01
7.574109788737981575e-01
7.857077290863010433e-01
7.826911355468766374e-01
8.189193427639427370e-01
8.115291885544184680e-01
8.258729969522953240e-01
8.522623799390576238e-01
8.585383393988017531e-01
8.555979063549639108e-01
8.664902622262626863e-01
8.745059253266749266e-01
8.741964395863384141e-01
8.913620106148432143e-01
9.319435653477121662e-01
9.215075536854531180e-01
9.464732650973832762e-01
9.366535800794615341e-01
9.300875683085703116e-01
9.394021937608769690e-01
9.687848582622535787e-01
9.785832732175840931e-01
9.891726907712126149e-01
9.655022699957402921e-01
9.844396372024455388e-01
9.945097495006898214e-01
9.974223163642079726e-01
9.966059421862656365e-01
1.003155673203233178e+00
1.023305697140671100e+00
1.049876869096316057e+00
1.025943272102201931e+00
1.036078493996246408e+00
1.036927750947500115e+00
1.059886220503408083e+00
1.060383114923570957e+00
1.067991508345702556e+00
1.080590893865100099e+00
1.082494568531002344e+00
1.086312824410814670e+00
1.080337344168000868e+00
1.078184763406460078e+00
1.085548006017891254e+00
1.113718882984588987e+00
1.103677721485096797e+00
1.100051244255924487e+00
1.089377960910191234e+00
1.106015992230910072e+00
1.103029170972709139e+00
1.120689385331717247e+00
1.118711666973327468e+00
1.138667098356522800e+00
1.163840207984954134e+00
1.134911729136227621e+00
1.144597034870692198e+00
1.142032065526532136e+00
1.144867414756076229e+00
1.145273121705990604e+00
1.141088732797054917e+00
1.141762451073564222e+00
1.171864600793787403e+00
1.156837089765193838e+00
1.172142455755286861e+00
1.159303182260387644e+00
1.159852029694581788e+00
1.157795403207005691e+00
1.154377063924330926e+00
1.151923074962764915e+00
1.156426664969774976e+00
1.185571109080997942e+00
1.162050436735526660e+00
1.148660429327948762e+00
1.169783145799605961e+00
1.166323652969950331e+00
1.152331655152309509e+00
1.157247683078290734e+00
1.169921774759417943e+00
1.160126566415591753e+00
1.181635756145462679e+00
1.158754635894466034e+00
1.144597034870692198e+00
1.147439676378787965e+00
1.174228832477062667e+00
1.153694796039504311e+00
1.160538512868379613e+00
1.142976288972958443e+00
1.134777869287288965e+00
1.151106415056208476e+00
1.137995461552446130e+00
1.111754888899927352e+00
1.125319329444788963e+00
1.126646117486048482e+00
1.106796632395456115e+00
1.127974668232809563e+00
1.111885701902927792e+00
1.106276137913958735e+00
1.106146056612962170e+00
1.096051496971478301e+00
1.076668079597014938e+00
1.076036806297848258e+00
1.074397358298382343e+00
1.090273731652793288e+00
1.055796235251882820e+00
1.043259197886643008e+00
1.034866519541747465e+00
1.060631654753358077e+00
1.031480784747616397e+00
1.008214209959087171e+00
1.004682301413533096e+00
1.002686409937934897e+00
9.846699988712828144e-01
9.703734209473910965e-01
9.608796787551412422e-01
9.620051712768749042e-01
9.586324867982352060e-01
9.364340170090876825e-01
9.198867202223937056e-01
9.063744502921764479e-01
8.902084265112453210e-01
8.760547923821491167e-01
8.401264303796054378e-01
8.515562720769658256e-01
8.226350016785204389e-01
7.999705932925937901e-01
7.831618788592447089e-01
7.607204137751644168e-01
7.440099852159605121e-01
7.369715154442495475e-01
7.038075795042306737e-01
6.785550137316747055e-01
6.705296274687970737e-01
6.202380967740630524e-01
6.019238733926570717e-01
5.597735133671886132e-01
5.354428611360049217e-01
5.204861747777389525e-01
4.617077480012579116e-01
4.128037858231667911e-01
3.971265510928478903e-01
3.577753598603141683e-01
3.066697869500369933e-01
2.447148588810836856e-01
1.977951909383754980e-01
1.617422595946447217e-01
1.007130251892380812e-01
3.665648769140616992e-02
-4.717676462129638537e-02
-1.330723489230560830e-01
-2.094165204712510331e-01
-3.109514954864227576e-01
-4.160344926622592254e-01
-5.561123393407854110e-01
-7.098575434778080506e-01
-9.064129076404761065e-01
-1.150757329393147899e+00
-1.484036557912022047e+00
-2.019202077956453678e+00
-4.419279416561707308e+00
