-4.483102161975766720e+00
-2.121077189248811834e+00
-1.576913312001467560e+00
-1.241708338314992943e+00
-9.928963027126602725e-01
-7.977650908341189506e-01
-6.382282440516373612e-01
-5.050936373380743305e-01
-3.882486501350381758e-01
-2.862008268226148289e-01
-2.011620443057964280e-01
-1.211738498955252652e-01
-4.262899710467138448e-02
2.871640910634454258e-02
8.957752347655656422e-02
1.360035818902805005e-01
1.993741070213808086e-01
2.405346236749945632e-01
2.896051726554702554e-01
3.315115562515504877e-01
3.684132608401622377e-01
4.081103716488136968e-01
4.389924265180500385e-01
4.827304290247038665e-01
5.203604395690106799e-01
5.381883868657322267e-01
5.746154199035888865e-01
6.033548808091939719e-01
6.290102431555091300e-01
6.525262982170882964e-01
6.730992826295292275e-01
6.977226663337443568e-01
7.197813674111017690e-01
7.496586961677760286e-01
7.669524968315606372e-01
7.855582008245285408e-01
8.060398220257649626e-01
8.234924061611685886e-01
8.410181843164288296e-01
8.504153708933390732e-01
8.670455995107886338e-01
8.870929100123063904e-01
9.109727692502538332e-01
9.208405708134126400e-01
9.299436436788361959e-01
9.346997923885673742e-01
9.507336883892509860e-01
9.681037970503592049e-01
9.683278866871525281e-01
9.853705431523049896e-01
9.960045526976575303e-01
1.016488486635363842e+00
1.021108521253276891e+00
1.025227942784553647e+00
1.044727901901893574e+00
1.053377129776897903e+00
1.057484915884645105e+00
1.061117713203389101e+00
1.083447506899167578e+00
1.076880902687056718e+00
1.084755946520191472e+00
1.107213924119276882e+00
1.106493166262703554e+00
1.111083997836821879e+00
1.113983451043401018e+00
1.125561155335152108e+00
1.123622205428594256e+00
1.137380625983375637e+00
1.138867931048791249e+00
1.144411655267953520e+00
1.148536035093377095e+00
1.133354770349964014e+00
1.156078767906743465e+00
1.167664744281582401e+00
1.154619663105737715e+00
1.171227270315187141e+00
1.173866229458427668e+00
1.170897889548044191e+00
1.184102866088119654e+00
1.186887607514551135e+00
1.185884207017856795e+00
1.187445487584808390e+00
1.184826153181157693e+00
1.192200076320737878e+00
1.193658947637723955e+00
1.188562182284883306e+00
1.199967761442545466e+00
1.203477331443577825e+00
1.194389182187798326e+00
1.203477331443577825e+00
1.203817621827987239e+00
1.200080781334166957e+00
1.204612083338391315e+00
1.192985357940630209e+00
1.201607801397312159e+00
1.201494608799988484e+00
1.209392152759855676e+00
1.193658947637723955e+00
1.205350363179972462e+00
1.209734462210938943e+00
1.204555315151269568e+00
1.188506317923538447e+00
1.188115354752873998e+00
1.206089188481405117e+00
1.220289255315181620e+00
1.201607801397312159e+00
1.199346380261697931e+00
1.181991636902344212e+00
1.199911256286434025e+00
1.182880032296699468e+00
1.187724544374676228e+00
1.197653664177332544e+00
1.191079314085181196e+00
1.192480463256543999e+00
1.173976337364287303e+00
1.176291408401572980e+00
1.183602435151044574e+00
1.182269175690171537e+00
1.173370893858438180e+00
1.163787818028776400e+00
1.162970668744616631e+00
1.153648108001517514e+00
1.146819940930599913e+00
1.145481288485775906e+00
1.140623670905522857e+00
1.140357451485906282e+00
1.143663592182040389e+00
1.134253884518692246e+00
1.121948302228727101e+00
1.122209664975569510e+00
1.120329376110717590e+00
1.098088463479998111e+00
1.114657742414678410e+00
1.107626019113002513e+00
1.105001818373734679e+00
1.090614549135896283e+00
1.092439737231309493e+00
1.089956271268238908e+00
1.071052306217479710e+00
1.061954142192593764e+00
1.068175462806847165e+00
1.048703086504421123e+00
1.047295421781528901e+00
1.043760737069986178e+00
1.031224248763447093e+00
1.029364404168113367e+00
1.017947619416428751e+00
1.018418761945756756e+00
1.008477762889285145e+00
1.004798462927931624e+00
9.932894731438519642e-01
9.789171486415693124e-01
9.766547042375997023e-01
9.574504613214962490e-01
9.560769260250250312e-01
9.432308560979461021e-01
9.344831123591177402e-01
9.337900516019281838e-01
9.243517502363776117e-01
9.161922757000713347e-01
8.951007531486894209e-01
8.927290625202601859e-01
8.709823727925893877e-01
8.664382013831470886e-01
8.497383632411885657e-01
8.437845471302569678e-01
8.358616061402273090e-01
8.257830021350365257e-01
8.135754797569774155e-01
7.934296009624777213e-01
7.813853184653325457e-01
7.608510183021248707e-01
7.469968240924416136e-01
7.378068647228754884e-01
7.238799491561156429e-01
7.134389987852127746e-01
6.877191803962041661e-01
6.717989140085656175e-01
6.566859426210509554e-01
6.444206531608784871e-01
6.257909629595381773e-01
6.042576748622625615e-01
5.858960783172619813e-01
5.630121995729151507e-01
5.557167008261902907e-01
5.325195198450618506e-01
4.962812986394879999e-01
4.730141534312206630e-01
4.469707340294810649e-01
4.175491352229911968e-01
3.940540939576067103e-01
3.558959841657447498e-01
3.214382218006068825e-01
2.819268526925640117e-01
2.417476640056968051e-01
1.792187685907382644e-01
1.263589208082009918e-01
4.727932942513746184e-02
-5.992990722895186195e-02
-3.048063092149835285e-01
-3.048063092149835285e-01
-5.992990722895186195e-02
4.727932942513746184e-02
1.263589208082009918e-01
1.792187685907382644e-01
2.417476640056968051e-01
2.819268526925640117e-01
3.214382218006068825e-01
3.558959841657447498e-01
3.940540939576067103e-01
4.175491352229911968e-01
4.469707340294810649e-01
4.730141534312206630e-01
4.962812986394879999e-01
5.325195198450618506e-01
5.557167008261902907e-01
5.630121995729151507e-01
5.858960783172619813e-01
6.042576748622625615e-01
6.257909629595381773e-01
6.444206531608784871e-01
6.566859426210509554e-01
6.717989140085656175e-01
6.877191803962041661e-01
7.134389987852127746e-01
7.238799491561156429e-01
7.378068647228754884e-01
7.469968240924416136e-01
7.608510183021248707e-01
7.813853184653325457e-01
7.934296009624777213e-01
8.135754797569774155e-01
8.257830021350365257e-01
8.358616061402273090e-01
8.437845471302569678e-01
8.497383632411885657e-01
8.664382013831470886e-01
8.709823727925893877e-01
8.927290625202601859e-01
8.951007531486894209e-01
9.161922757000713347e-01
9.243517502363776117e-01
9.337900516019281838e-01
9.344831123591177402e-01
9.432308560979461021e-01
9.560769260250250312e-01
9.574504613214962490e-01
9.766547042375997023e-01
9.789171486415693124e-01
9.932894731438519642e-01
1.004798462927931624e+00
1.008477762889285145e+00
1.018418761945756756e+00
1.017947619416428751e+00
1.029364404168113367e+00
1.031224248763447093e+00
1.043760737069986178e+00
1.047295421781528901e+00
1.048703086504421123e+00
1.068175462806847165e+00
1.061954142192593764e+00
1.071052306217479710e+00
1.089956271268238908e+00
1.092439737231309493e+00
1.090614549135896283e+00
1.105001818373734679e+00
1.107626019113002513e+00
1.114657742414678410e+00
1.098088463479998111e+00
1.120329376110717590e+00
1.122209664975569510e+00
1.121948302228727101e+00
1.134253884518692246e+00
1.143663592182040389e+00
1.140357451485906282e+00
1.140623670905522857e+00
1.145481288485775906e+00
1.146819940930599913e+00
1.153648108001517514e+00
1.162970668744616631e+00
1.163787818028776400e+00
1.173370893858438180e+00
1.182269175690171537e+00
1.183602435151044574e+00
1.176291408401572980e+00
1.173976337364287303e+00
1.192480463256543999e+00
1.191079314085181196e+00
1.197653664177332544e+00
1.187724544374676228e+00
1.182880032296699468e+00
1.199911256286434025e+00
1.181991636902344212e+00
1.199346380261697931e+00
1.201607801397312159e+00
1.220289255315181620e+00
1.206089188481405117e+00
1.188115354752873998e+00
1.188506317923538447e+00
1.204555315151269568e+00
1.209734462210938943e+00
1.205350363179972462e+00
1.193658947637723955e+00
1.209392152759855676e+00
1.201494608799988484e+00
1.201607801397312159e+00
1.192985357940630209e+00
1.204612083338391315e+00
1.200080781334166957e+00
1.203817621827987239e+00
1.203477331443577825e+00
1.194389182187798326e+00
1.203477331443577825e+00
1.199967761442545466e+00
1.188562182284883306e+00
1.193658947637723955e+00
1.192200076320737878e+00
1.184826153181157693e+00
1.187445487584808390e+00
1.185884207017856795e+00
1.186887607514551135e+00
1.184102866088119654e+00
1.170897889548044191e+00
1.173866229458427668e+00
1.171227270315187141e+00
1.154619663105737715e+00
1.167664744281582401e+00
1.156078767906743465e+00
1.133354770349964014e+00
1.148536035093377095e+00
1.144411655267953520e+00
1.138867931048791249e+00
1.137380625983375637e+00
1.123622205428594256e+00
1.125561155335152108e+00
1.113983451043401018e+00
1.111083997836821879e+00
1.106493166262703554e+00
1.107213924119276882e+00
1.084755946520191472e+00
1.076880902687056718e+00
1.083447506899167578e+00
1.061117713203389101e+00
1.057484915884645105e+00
1.053377129776897903e+00
1.044727901901893574e+00
1.025227942784553647e+00
1.021108521253276891e+00
1.016488486635363842e+00
9.960045526976575303e-01
9.853705431523049896e-01
9.683278866871525281e-01
9.681037970503592049e-01
9.507336883892509860e-01
9.346997923885673742e-01
9.299436436788361959e-01
9.208405708134126400e-01
9.109727692502538332e-01
8.870929100123063904e-01
8.670455995107886338e-01
8.504153708933390732e-01
8.410181843164288296e-01
8.234924061611685886e-01
8.060398220257649626e-01
7.855582008245285408e-01
7.669524968315606372e-01
7.496586961677760286e-01
7.197813674111017690e-01
6.977226663337443568e-01
6.730992826295292275e-01
6.525262982170882964e-01
6.290102431555091300e-01
6.033548808091939719e-01
5.746154199035888865e-01
5.381883868657322267e-01
5.203604395690106799e-01
4.827304290247038665e-01
4.389924265180500385e-01
4.081103716488136968e-01
3.684132608401622377e-01
3.315115562515504877e-01
2.896051726554702554e-01
2.405346236749945632e-01
1.993741070213808086e-01
1.360035818902805005e-01
8.957752347655656422e-02
2.871640910634454258e-02
-4.262899710467138448e-02
-1.211738498955252652e-01
-2.011620443057964280e-01
-2.862008268226148289e-01
-3.882486501350381758e-01
-5.050936373380743305e-01
-6.382282440516373612e-01
-7.977650908341189506e-01
-9.928963027126602725e-01
-1.241708338314992943e+00
-1.576913312001467560e+00
-2.121077189248811834e+00
-4.483102161975766720e+00
