-5.094240794193748201e+00 -2.651167144010992960e+00 -2.239113708894478805e+00 -2.026852216424304132e+00 -1.917959104770594170e+00 -1.896830652957914864e+00 -1.930436989444550111e+00 -1.906335112023873180e+00 -1.870699488102349317e+00 -1.911161669421682863e+00 -1.701113616112924998e+00 -1.461794157824274798e+00 -1.334381844751321600e+00 -1.253164864907635456e+00 -1.208735143226178810e+00 -1.206302278403605044e+00 -1.246193550652170856e+00 -1.351849279737288967e+00 -1.581409377090330803e+00 -2.518995014929759968e+00
-2.636407977093674582e+00 -1.933343269109188967e-01 2.187191082055952585e-01 4.309806006757699315e-01 5.398737123294798934e-01 5.610021641421591987e-01 5.273958276555239522e-01 5.514977050762008837e-01 5.871333289977247460e-01 5.466711476783912005e-01 7.567192009871490654e-01 9.960386592757992652e-01 1.123450972348752464e+00 1.204667952192438607e+00 1.249097673873895253e+00 1.251530538696469019e+00 1.211639266447903207e+00 1.105983537362785096e+00 8.764234400097432598e-01 -6.116219782968590479e-02
-2.383516744674551990e+00 5.955690550820369467e-02 4.716103406247178498e-01 6.838718330948925228e-01 7.927649447486024847e-01 8.138933965612817900e-01 7.802870600746465435e-01 8.043889374953234750e-01 8.400245614168473374e-01 7.995623800975137918e-01 1.009610433406271657e+00 1.248929891694921857e+00 1.376342204767875055e+00 1.457559184611561198e+00 1.501988906293017845e+00 1.504421771115591611e+00 1.464530498867025798e+00 1.358874769781907688e+00 1.129314672428865851e+00 1.917290345894366865e-01
-2.382912351042083987e+00 6.016129914067169793e-02 4.722147342571858530e-01 6.844762267273605261e-01 7.933693383810704880e-01 8.144977901937497933e-01 7.808914537071145467e-01 8.049933311277914783e-01 8.406289550493153406e-01 8.001667737299817951e-01 1.010214827038739660e+00 1.249534285327389860e+00 1.376946598400343058e+00 1.458163578244029202e+00 1.502593299925485848e+00 1.505026164748059614e+00 1.465134892499493802e+00 1.359479163414375691e+00 1.129919066061333854e+00 1.923334282219046898e-01
-2.303495438569922005e+00 1.395782116128336803e-01 5.516316467293478354e-01 7.638931391995225084e-01 8.727862508532324703e-01 8.939147026659117756e-01 8.603083661792765291e-01 8.844102435999534606e-01 9.200458675214773230e-01 8.795836862021437774e-01 1.089631739510901642e+00 1.328951197799551842e+00 1.456363510872505040e+00 1.537580490716191184e+00 1.582010212397647830e+00 1.584443077220221596e+00 1.544551804971655784e+00 1.438896075886537673e+00 1.209335978533495837e+00 2.717503406940666721e-01
-2.017631487634157228e+00 4.254421625485984571e-01 8.374955976651126122e-01 1.049757090135287285e+00 1.158650201788997247e+00 1.179778653601676552e+00 1.146172317115041306e+00 1.170274194535718237e+00 1.205909818457242100e+00 1.165447637137908554e+00 1.375495690446666419e+00 1.614815148735316619e+00 1.742227461808269817e+00 1.823444441651955961e+00 1.867874163333412607e+00 1.870307028155986373e+00 1.830415755907420561e+00 1.724760026822302450e+00 1.495199929469260614e+00 5.576142916298314489e-01
-1.616523023865963804e+00 8.265506263167918810e-01 1.238604061433306036e+00 1.450865553903480709e+00 1.559758665557190671e+00 1.580887117369869976e+00 1.547280780883234730e+00 1.571382658303911661e+00 1.607018282225435524e+00 1.566556100906101978e+00 1.776604154214859843e+00 2.015923612503510043e+00 2.143335925576463019e+00 2.224552905420149607e+00 2.268982627101606031e+00 2.271415491924179797e+00 2.231524219675613985e+00 2.125868490590495874e+00 1.896308393237454037e+00 9.587227553980248729e-01
-1.155396877521308596e+00 1.287676772661447089e+00 1.699730207777961244e+00 1.911991700248135917e+00 2.020884811901845879e+00 2.042013263714525184e+00 2.008406927227889938e+00 2.032508804648566869e+00 2.068144428570090732e+00 2.027682247250757186e+00 2.237730300559515051e+00 2.477049758848165251e+00 2.604462071921118671e+00 2.685679051764804370e+00 2.730108773446261239e+00 2.732541638268835005e+00 2.692650366020269193e+00 2.586994636935151082e+00 2.357434539582109245e+00 1.419848901742680081e+00
-7.170696112347019202e-01 1.726004038948053765e+00 2.138057474064567920e+00 2.350318966534742593e+00 2.459212078188452555e+00 2.480340530001131860e+00 2.446734193514496614e+00 2.470836070935173545e+00 2.506471694856697408e+00 2.466009513537363862e+00 2.676057566846121727e+00 2.915377025134771927e+00 3.042789338207724903e+00 3.124006318051411490e+00 3.168436039732867915e+00 3.170868904555441681e+00 3.130977632306875869e+00 3.025321903221757758e+00 2.795761805868715921e+00 1.858176168029286757e+00
-2.691427743534120509e-01 2.173930875829343634e+00 2.585984310945857789e+00 2.798245803416032462e+00 2.907138915069742424e+00 2.928267366882421729e+00 2.894661030395786483e+00 2.918762907816463414e+00 2.954398531737987277e+00 2.913936350418653731e+00 3.123984403727411596e+00 3.363303862016061796e+00 3.490716175089015216e+00 3.571933154932700916e+00 3.616362876614157784e+00 3.618795741436731550e+00 3.578904469188165738e+00 3.473248740103047627e+00 3.243688642750005791e+00 2.306103004910576626e+00
2.180108325034963990e-01 2.661084482686252084e+00 3.073137917802766239e+00 3.285399410272940912e+00 3.394292521926650874e+00 3.415420973739330179e+00 3.381814637252694933e+00 3.405916514673371864e+00 3.441552138594895727e+00 3.401089957275562181e+00 3.611138010584320046e+00 3.850457468872970246e+00 3.977869781945923222e+00 4.059086761789609810e+00 4.103516483471066678e+00 4.105949348293640000e+00 4.066058076045074188e+00 3.960402346959956077e+00 3.730842249606914240e+00 2.793256611767485076e+00
6.099845786935693681e-01 3.053058228876325053e+00 3.465111663992839208e+00 3.677373156463013881e+00 3.786266268116723843e+00 3.807394719929403148e+00 3.773788383442767902e+00 3.797890260863444833e+00 3.833525884784968696e+00 3.793063703465635150e+00 4.003111756774393015e+00 4.242431215063042771e+00 4.369843528135996635e+00 4.451060507979682335e+00 4.495490229661139203e+00 4.497923094483713413e+00 4.458031822235147601e+00 4.352376093150029490e+00 4.122815995796987210e+00 3.185230357957558045e+00
9.491382968673387488e-01 3.392211947050094434e+00 3.804265382166608589e+00 4.016526874636783262e+00 4.125419986290493668e+00 4.146548438103172529e+00 4.112942101616537727e+00 4.137043979037214214e+00 4.172679602958737632e+00 4.132217421639404975e+00 4.342265474948161952e+00 4.581584933236812596e+00 4.708997246309765572e+00 4.790214226153452159e+00 4.834643947834909028e+00 4.837076812657482350e+00 4.797185540408916538e+00 4.691529811323798427e+00 4.461969713970756146e+00 3.524384076131327426e+00
1.254670546842273637e+00 3.697744197025029322e+00 4.109797632141543033e+00 4.322059124611717706e+00 4.430952236265428112e+00 4.452080688078106974e+00 4.418474351591472171e+00 4.442576229012148659e+00 4.478211852933672965e+00 4.437749671614339420e+00 4.647797724923097284e+00 4.887117183211747928e+00 5.014529496284700905e+00 5.095746476128386604e+00 5.140176197809843472e+00 5.142609062632416794e+00 5.102717790383850982e+00 4.997062061298732871e+00 4.767501963945691479e+00 3.829916326106262314e+00
1.546465780981559401e+00 3.989539431164315086e+00 4.401592866280829242e+00 4.613854358751003915e+00 4.722747470404714321e+00 4.743875922217393182e+00 4.710269585730758379e+00 4.734371463151434867e+00 4.770007087072958285e+00 4.729544905753625628e+00 4.939592959062382604e+00 5.178912417351033248e+00 5.306324730423986225e+00 5.387541710267672812e+00 5.431971431949129681e+00 5.434404296771703002e+00 5.394513024523137190e+00 5.288857295438019079e+00 5.059297198084976799e+00 4.121711560245548078e+00
1.821628958443715973e+00 4.264702608626471658e+00 4.676756043742985369e+00 4.889017536213160042e+00 4.997910647866870448e+00 5.019039099679549309e+00 4.985432763192914507e+00 5.009534640613590994e+00 5.045170264535115301e+00 5.004708083215781755e+00 5.214756136524539620e+00 5.454075594813190264e+00 5.581487907886143240e+00 5.662704887729828940e+00 5.707134609411285808e+00 5.709567474233859130e+00 5.669676201985293318e+00 5.564020472900175207e+00 5.334460375547133815e+00 4.396874737707705094e+00
2.107988174726156849e+00 4.551061824908912534e+00 4.963115260025427133e+00 5.175376752495601806e+00 5.284269864149311324e+00 5.305398315961991074e+00 5.271791979475355383e+00 5.295893856896032759e+00 5.331529480817556177e+00 5.291067299498222631e+00 5.501115352806980496e+00 5.740434811095630252e+00 5.867847124168584116e+00 5.949064104012269816e+00 5.993493825693726684e+00 5.995926690516300894e+00 5.956035418267735082e+00 5.850379689182616971e+00 5.620819591829574691e+00 4.683233953990145082e+00
2.393496717876828939e+00 4.836570368059584624e+00 5.248623803176098335e+00 5.460885295646273008e+00 5.569778407299983414e+00 5.590906859112662275e+00 5.557300522626027472e+00 5.581402400046703960e+00 5.617038023968228266e+00 5.576575842648894721e+00 5.786623895957652586e+00 6.025943354246303230e+00 6.153355667319256206e+00 6.234572647162941905e+00 6.279002368844398774e+00 6.281435233666972096e+00 6.241543961418406283e+00 6.135888232333288173e+00 5.906328134980246780e+00 4.968742497140818060e+00
2.758489299236963177e+00 5.201562949419718862e+00 5.613616384536232573e+00 5.825877877006407246e+00 5.934770988660117652e+00 5.955899440472796513e+00 5.922293103986161711e+00 5.946394981406838198e+00 5.982030605328362505e+00 5.941568424009028959e+00 6.151616477317786824e+00 6.390935935606437468e+00 6.518348248679390444e+00 6.599565228523076144e+00 6.643994950204533012e+00 6.646427815027106334e+00 6.606536542778540522e+00 6.500880813693422411e+00 6.271320716340381018e+00 5.333735078500952298e+00
3.457618551474456403e+00 5.900692201657212088e+00 6.312745636773726687e+00 6.525007129243901360e+00 6.633900240897610878e+00 6.655028692710290628e+00 6.621422356223654937e+00 6.645524233644332313e+00 6.681159857565855731e+00 6.640697676246522185e+00 6.850745729555280050e+00 7.090065187843929806e+00 7.217477500916883670e+00 7.298694480760569370e+00 7.343124202442026238e+00 7.345557067264600448e+00 7.305665795016034636e+00 7.200010065930916525e+00 6.970449968577874245e+00 6.032864330738444636e+00
