-5.351339282687346710e+00 -2.951223244491215425e+00 -2.804073530557876559e+00 -2.776065397243099753e+00 -2.422203925952777226e+00 -1.846014747095372055e+00 -1.200800811342535468e+00 -5.530289698741328586e-01 5.497191187206063034e-02 6.524538383054601098e-01 1.219587976854733302e+00 1.700508384976957554e+00 2.147506319751924853e+00 2.568098564144809526e+00 2.958722808289059980e+00 3.363550841380870349e+00 3.810074203017764116e+00 4.282274335638794227e+00 4.962288604215078891e+00 6.216902472981782779e+00
-2.914842218305115917e+00 -5.147261801089841882e-01 -3.675764661756453222e-01 -3.395683328608685159e-01 1.429313842945401092e-02 5.904823172868591818e-01 1.235696253039695769e+00 1.883468094508098378e+00 2.491468976254291867e+00 3.088950902687691347e+00 3.656085041236964539e+00 4.137005449359188347e+00 4.584003384134156533e+00 5.004595628527040319e+00 5.395219872671290773e+00 5.800047905763101141e+00 6.246571267399994909e+00 6.718771400021024576e+00 7.398785668597309240e+00 8.653399537364013128e+00
-2.703180712345946368e+00 -3.030646741498146390e-01 -1.559149602164757731e-01 -1.279068269016989667e-01 2.259546443886235600e-01 8.021438232460287310e-01 1.447357758998865318e+00 2.095129600467267927e+00 2.703130482213461416e+00 3.300612408646860896e+00 3.867746547196134088e+00 4.348666955318358340e+00 4.795664890093325639e+00 5.216257134486210312e+00 5.606881378630460766e+00 6.011709411722271135e+00 6.458232773359164902e+00 6.930432905980194569e+00 7.610447174556479233e+00 8.865061043323184009e+00
-2.713163405974881037e+00 -3.130473677787493081e-01 -1.658976538454104421e-01 -1.378895205306336358e-01 2.159719507596888910e-01 7.921611296170940619e-01 1.437375065369930649e+00 2.085146906838333258e+00 2.693147788584526747e+00 3.290629715017926227e+00 3.857763853567199419e+00 4.338684261689423671e+00 4.785682196464390969e+00 5.206274440857275643e+00 5.596898685001526097e+00 6.001726718093336466e+00 6.448250079730230233e+00 6.920450212351259900e+00 7.600464480927544564e+00 8.855078349694249340e+00
-2.537586599765127460e+00 -1.374705615689957305e-01 9.679152364343135417e-03 3.768728567911994176e-02 3.915487569694424685e-01 9.677379358268476395e-01 1.612951871579684227e+00 2.260723713048086836e+00 2.868724594794280325e+00 3.466206521227679804e+00 4.033340659776952997e+00 4.514261067899177249e+00 4.961259002674144547e+00 5.381851247067029220e+00 5.772475491211279675e+00 6.177303524303090043e+00 6.623826885939983811e+00 7.096027018561013477e+00 7.776041287137298141e+00 9.030655155904002029e+00
-2.135337063415574832e+00 2.647789747805568972e-01 4.119286887138957631e-01 4.399368220286725695e-01 7.937982933189950963e-01 1.369987472176400267e+00 2.015201407929236854e+00 2.662973249397639464e+00 3.270974131143832953e+00 3.868456057577232432e+00 4.435590196126505624e+00 4.916510604248729877e+00 5.363508539023697175e+00 5.784100783416581848e+00 6.174725027560832302e+00 6.579553060652642671e+00 7.026076422289536438e+00 7.498276554910566105e+00 8.178290823486850769e+00 9.432904692253554657e+00
-1.634333086372194987e+00 7.657829518239367417e-01 9.129326657572756076e-01 9.409407990720524140e-01 1.294802270362374941e+00 1.870991449219780112e+00 2.516205384972616699e+00 3.163977226441019308e+00 3.771978108187212797e+00 4.369460034620612277e+00 4.936594173169885025e+00 5.417514581292110165e+00 5.864512516067076575e+00 6.285104760459962137e+00 6.675729004604212591e+00 7.080557037696022959e+00 7.527080399332916727e+00 7.999280531953946394e+00 8.679294800530231058e+00 9.933908669296934946e+00
-1.094552015069350404e+00 1.305564023126781326e+00 1.452713737060120192e+00 1.480721870374896998e+00 1.834583341665219525e+00 2.410772520522624696e+00 3.055986456275461283e+00 3.703758297743863892e+00 4.311759179490056937e+00 4.909241105923456416e+00 5.476375244472730053e+00 5.957295652594954305e+00 6.404293587369921603e+00 6.824885831762806276e+00 7.215510075907056731e+00 7.620338108998867099e+00 8.066861470635760867e+00 8.539061603256790534e+00 9.219075871833075198e+00 1.047368974059977909e+01
-5.835862143027101823e-01 1.816529823893421547e+00 1.963679537826760413e+00 1.991687671141537219e+00 2.345549142431859746e+00 2.921738321289264917e+00 3.566952257042101504e+00 4.214724098510504113e+00 4.822724980256698046e+00 5.420206906690097526e+00 5.987341045239370274e+00 6.468261453361594526e+00 6.915259388136561824e+00 7.335851632529446498e+00 7.726475876673696952e+00 8.131303909765506432e+00 8.577827271402401976e+00 9.050027404023431643e+00 9.730041672599714531e+00 1.098465554136641842e+01
-7.204238871361834384e-02 2.328073649482513385e+00 2.475223363415852251e+00 2.503231496730629058e+00 2.857092968020951584e+00 3.433282146878356755e+00 4.078496082631193786e+00 4.726267924099595952e+00 5.334268805845789885e+00 5.931750732279189364e+00 6.498884870828462113e+00 6.979805278950686365e+00 7.426803213725653663e+00 7.847395458118538336e+00 8.238019702262789679e+00 8.642847735354600047e+00 9.089371096991492038e+00 9.561571229612521705e+00 1.024158549818880815e+01 1.149619936695551203e+01
4.468276536319248926e-01 2.846943691828056622e+00 2.994093405761395488e+00 3.022101539076172294e+00 3.375963010366494821e+00 3.952152189223899992e+00 4.597366124976736579e+00 5.245137966445138744e+00 5.853138848191332677e+00 6.450620774624732157e+00 7.017754913174005793e+00 7.498675321296229157e+00 7.945673256071197343e+00 8.366265500464081128e+00 8.756889744608331583e+00 9.161717777700141951e+00 9.608241139337035719e+00 1.008044127195806539e+01 1.076045554053435005e+01 1.201506940930105394e+01
8.779358405847741409e-01 3.278051878780905870e+00 3.425201592714244736e+00 3.453209726029021542e+00 3.807071197319344069e+00 4.383260376176749240e+00 5.028474311929585383e+00 5.676246153397988436e+00 6.284247035144181481e+00 6.881728961577580961e+00 7.448863100126854597e+00 7.929783508249078849e+00 8.376781443024047036e+00 8.797373687416930821e+00 9.187997931561181275e+00 9.592825964652991644e+00 1.003934932628988541e+01 1.051154945891091508e+01 1.119156372748719974e+01 1.244617759625390363e+01
1.249947933673959177e+00 3.650063971870090906e+00 3.797213685803429772e+00 3.825221819118206579e+00 4.179083290408529550e+00 4.755272469265934276e+00 5.400486405018771308e+00 6.048258246487173473e+00 6.656259128233367406e+00 7.253741054666766885e+00 7.820875193216039634e+00 8.301795601338262998e+00 8.748793536113231184e+00 9.169385780506114969e+00 9.560010024650367200e+00 9.964838057742177568e+00 1.041136141937906956e+01 1.088356155200009923e+01 1.156357582057638567e+01 1.281818968934308955e+01
1.607397611014042660e+00 4.007513649210174833e+00 4.154663363143512811e+00 4.182671496458290505e+00 4.536532967748613032e+00 5.112722146606017759e+00 5.757936082358854790e+00 6.405707923827256955e+00 7.013708805573450888e+00 7.611190732006850368e+00 8.178324870556123116e+00 8.659245278678348257e+00 9.106243213453314667e+00 9.526835457846200228e+00 9.917459701990448906e+00 1.032228773508225927e+01 1.076881109671915482e+01 1.124101122934018449e+01 1.192102549791646737e+01 1.317563936668317126e+01
1.943577100024654669e+00 4.343693138220785954e+00 4.490842852154125708e+00 4.518850985468901627e+00 4.872712456759224153e+00 5.448901635616629768e+00 6.094115571369465911e+00 6.741887412837868965e+00 7.349888294584062010e+00 7.947370221017461489e+00 8.514504359566736014e+00 8.995424767688959378e+00 9.442422702463925788e+00 9.863014946856811349e+00 1.025363919100106180e+01 1.065846722409287217e+01 1.110499058572976594e+01 1.157719071835079561e+01 1.225720498692708027e+01 1.351181885569378416e+01
2.260140368982430203e+00 4.660256407178561489e+00 4.807406121111901243e+00 4.835414254426677161e+00 5.189275725716999688e+00 5.765464904574405303e+00 6.410678840327241446e+00 7.058450681795644499e+00 7.666451563541837544e+00 8.263933489975237023e+00 8.831067628524511548e+00 9.311988036646734912e+00 9.758985971421701322e+00 1.017957821581458688e+01 1.057020245995883734e+01 1.097503049305064771e+01 1.142155385468754147e+01 1.189375398730857114e+01 1.257376825588485580e+01 1.382838212465155969e+01
2.604677326162219586e+00 5.004793364358350871e+00 5.151943078291690625e+00 5.179951211606466543e+00 5.533812682896789070e+00 6.110001861754194685e+00 6.755215797507030828e+00 7.402987638975433882e+00 8.010988520721626927e+00 8.608470447155026406e+00 9.175604585704299154e+00 9.656524993826524295e+00 1.010352292860149248e+01 1.052411517299437627e+01 1.091473941713862672e+01 1.131956745023043709e+01 1.176609081186733086e+01 1.223829094448836052e+01 1.291830521306464519e+01 1.417291908183134908e+01
2.981537826247093292e+00 5.381653864443224577e+00 5.528803578376564332e+00 5.556811711691340250e+00 5.910673182981662777e+00 6.486862361839068392e+00 7.132076297591904535e+00 7.779848139060307588e+00 8.387849020806500633e+00 8.985330947239900112e+00 9.552465085789172861e+00 1.003338549391139800e+01 1.048038342868636619e+01 1.090097567307924997e+01 1.129159991722350043e+01 1.169642795031531080e+01 1.214295131195220456e+01 1.261515144457323423e+01 1.329516571314951889e+01 1.454977958191622278e+01
3.463110191834549489e+00 5.863226230030681663e+00 6.010375943964019640e+00 6.038384077278797335e+00 6.392245548569119862e+00 6.968434727426524589e+00 7.613648663179361620e+00 8.261420504647762897e+00 8.869421386393957718e+00 9.466903312827357198e+00 1.003403745137662995e+01 1.051495785949885331e+01 1.096195579427382150e+01 1.138254803866670528e+01 1.177317228281095751e+01 1.217800031590276788e+01 1.262452367753965987e+01 1.309672381016068954e+01 1.377673807873697598e+01 1.503135194750367987e+01
4.405630105917559547e+00 6.805746144113690832e+00 6.952895858047030586e+00 6.980903991361806504e+00 7.334765462652129031e+00 7.910954641509534646e+00 8.556168577262370789e+00 9.203940418730773843e+00 9.811941300476966887e+00 1.040942322691036637e+01 1.097655736545964089e+01 1.145747777358186426e+01 1.190447570835683067e+01 1.232506795274971623e+01 1.271569219689396668e+01 1.312052022998577705e+01 1.356704359162267082e+01 1.403924372424370048e+01 1.471925799281998515e+01 1.597387186158668904e+01
