-5.343673471925715290e+00 -2.943557433729583117e+00 -2.796407719796244251e+00 -2.768399586481467445e+00 -2.414538115191144918e+00 -1.838348936333739747e+00 -1.193135000580903160e+00 -5.453631591125005507e-01 6.263772263369293825e-02 6.601196490670924177e-01 1.227253787616365610e+00 1.708174195738589862e+00 2.155172130513557160e+00 2.575764374906441834e+00 2.966388619050692288e+00 3.371216652142502657e+00 3.817740013779396424e+00 4.289940146400425647e+00 4.969954414976710311e+00 6.224568283743414199e+00
-2.895871985955040362e+00 -4.957559477589086327e-01 -3.486062338255697668e-01 -3.205981005107929604e-01 3.326337077952956633e-02 6.094525496369347373e-01 1.254666485389771324e+00 1.902438326858173934e+00 2.510439208604367423e+00 3.107921135037766902e+00 3.675055273587040094e+00 4.155975681709264791e+00 4.602973616484231201e+00 5.023565860877116762e+00 5.414190105021367216e+00 5.819018138113177585e+00 6.265541499750071353e+00 6.737741632371101019e+00 7.417755900947385683e+00 8.672369769714089571e+00
-2.663741110258200706e+00 -2.636250720620689769e-01 -1.164753581287301110e-01 -8.846722481395330462e-02 2.653942464763692222e-01 8.415834253337743931e-01 1.486797361086610980e+00 2.134569202555013590e+00 2.742570084301207078e+00 3.340052010734606558e+00 3.907186149283879750e+00 4.388106557406104002e+00 4.835104492181071301e+00 5.255696736573955974e+00 5.646320980718206428e+00 6.051149013810016797e+00 6.497672375446910564e+00 6.969872508067940231e+00 7.649886776644224895e+00 8.904500645410928783e+00
-2.671175074995651766e+00 -2.710590367995200367e-01 -1.239093228661811708e-01 -9.590118955140436441e-02 2.579602817389181624e-01 8.341494605963233333e-01 1.479363396349159920e+00 2.127135237817562530e+00 2.735136119563756019e+00 3.332618045997155498e+00 3.899752184546428690e+00 4.380672592668652499e+00 4.827670527443620685e+00 5.248262771836504470e+00 5.638887015980754924e+00 6.043715049072565293e+00 6.490238410709459060e+00 6.962438543330488727e+00 7.642452811906773391e+00 8.897066680673477279e+00
-2.547022440156076151e+00 -1.469064019599444215e-01 2.433119733944444363e-04 2.825144528817125078e-02 3.821129165784937776e-01 9.583020954358989485e-01 1.603516031188735536e+00 2.251287872657138145e+00 2.859288754403331634e+00 3.456770680836731113e+00 4.023904819386004306e+00 4.504825227508228558e+00 4.951823162283195856e+00 5.372415406676080529e+00 5.763039650820330984e+00 6.167867683912141352e+00 6.614391045549035120e+00 7.086591178170064786e+00 7.766605446746349450e+00 9.021219315513054227e+00
-2.204369572910065411e+00 1.957464652860663179e-01 3.428961792194051839e-01 3.709043125341819902e-01 7.247657838245045170e-01 1.300954962681909688e+00 1.946168898434746275e+00 2.593940739903148884e+00 3.201941621649342373e+00 3.799423548082741853e+00 4.366557686632015489e+00 4.847478094754238853e+00 5.294476029529207040e+00 5.715068273922090825e+00 6.105692518066341279e+00 6.510520551158151648e+00 6.957043912795045415e+00 7.429244045416075082e+00 8.109258313992359746e+00 9.363872182759063634e+00
-1.751468690138495710e+00 6.486473480576360195e-01 7.957970619909748855e-01 8.238051953057516918e-01 1.177666666596074219e+00 1.753855845453479390e+00 2.399069781206315977e+00 3.046841622674718586e+00 3.654842504420912075e+00 4.252324430854311998e+00 4.819458569403584747e+00 5.300378977525808999e+00 5.747376912300776297e+00 6.167969156693660970e+00 6.558593400837911425e+00 6.963421433929721793e+00 7.409944795566615561e+00 7.882144928187645228e+00 8.562159196763929003e+00 9.816773065530632891e+00
-1.250747968227058360e+00 1.149368069969073369e+00 1.296517783902412235e+00 1.324525917217189042e+00 1.678387388507511568e+00 2.254576567364916961e+00 2.899790503117753104e+00 3.547562344586156158e+00 4.155563226332349203e+00 4.753045152765748682e+00 5.320179291315022319e+00 5.801099699437246571e+00 6.248097634212213869e+00 6.668689878605098542e+00 7.059314122749348996e+00 7.464142155841159365e+00 7.910665517478053133e+00 8.382865650099082799e+00 9.062879918675367463e+00 1.031749378744207135e+01
-7.762301783654643739e-01 1.623885859830667355e+00 1.771035573764006221e+00 1.799043707078783028e+00 2.152905178369105776e+00 2.729094357226510503e+00 3.374308292979347534e+00 4.022080134447749700e+00 4.630081016193943633e+00 5.227562942627343112e+00 5.794697081176615860e+00 6.275617489298840113e+00 6.722615424073807411e+00 7.143207668466692084e+00 7.533831912610942538e+00 7.938659945702752907e+00 8.385183307339646674e+00 8.857383439960676341e+00 9.537397708536961005e+00 1.079201157730366489e+01
-2.942095851052903832e-01 2.105906453090841346e+00 2.253056167024180212e+00 2.281064300338957018e+00 2.634925771629279545e+00 3.211114950486684716e+00 3.856328886239521303e+00 4.504100727707923468e+00 5.112101609454117401e+00 5.709583535887516881e+00 6.276717674436790517e+00 6.757638082559013881e+00 7.204636017333982068e+00 7.625228261726865853e+00 8.015852505871116307e+00 8.420680538962926676e+00 8.867203900599820443e+00 9.339404033220850110e+00 1.001941830179713477e+01 1.127403217056383866e+01
2.062130519128650974e-01 2.606329090108996827e+00 2.753478804042335693e+00 2.781486937357112499e+00 3.135348408647435026e+00 3.711537587504840197e+00 4.356751523257676340e+00 5.004523364726079393e+00 5.612524246472272438e+00 6.210006172905671917e+00 6.777140311454945554e+00 7.258060719577169806e+00 7.705058654352137104e+00 8.125650898745021777e+00 8.516275142889272232e+00 8.921103175981082600e+00 9.367626537617976368e+00 9.839826670239006035e+00 1.051984093881529070e+01 1.177445480758199459e+01
6.234593371280285901e-01 3.023575375324160319e+00 3.170725089257499185e+00 3.198733222572275992e+00 3.552594693862598518e+00 4.128783872720003245e+00 4.773997808472840276e+00 5.421769649941243330e+00 6.029770531687436375e+00 6.627252458120835854e+00 7.194386596670108602e+00 7.675307004792333743e+00 8.122304939567300153e+00 8.542897183960185714e+00 8.933521428104436168e+00 9.338349461196246537e+00 9.784872822833140305e+00 1.025707295545416997e+01 1.093708722403045464e+01 1.219170109279715852e+01
9.761120696338045910e-01 3.376228107829936320e+00 3.523377821763275186e+00 3.551385955078051992e+00 3.905247426368374519e+00 4.481436605225779246e+00 5.126650540978616277e+00 5.774422382447019331e+00 6.382423264193212376e+00 6.979905190626611855e+00 7.547039329175884603e+00 8.027959737298109744e+00 8.474957672073076154e+00 8.895549916465961715e+00 9.286174160610212169e+00 9.691002193702022538e+00 1.013752555533891631e+01 1.060972568795994597e+01 1.128973995653623064e+01 1.254435382530293452e+01
1.305943760118369212e+00 3.706059798314500942e+00 3.853209512247839807e+00 3.881217645562616614e+00 4.235079116852938697e+00 4.811268295710344312e+00 5.456482231463180455e+00 6.104254072931583508e+00 6.712254954677776553e+00 7.309736881111176032e+00 7.876871019660449669e+00 8.357791427782673921e+00 8.804789362557642107e+00 9.225381606950525892e+00 9.616005851094776347e+00 1.002083388418658672e+01 1.046735724582348048e+01 1.093955737844451015e+01 1.161957164702079481e+01 1.287418551578749870e+01
1.619263311409009809e+00 4.019379349605141982e+00 4.166529063538479960e+00 4.194537196853257655e+00 4.548398668143580181e+00 5.124587847000984908e+00 5.769801782753821939e+00 6.417573624222224105e+00 7.025574505968418038e+00 7.623056432401817517e+00 8.190190570951090265e+00 8.671110979073315406e+00 9.118108913848281816e+00 9.538701158241167377e+00 9.929325402385416055e+00 1.033415343547722642e+01 1.078067679711412197e+01 1.125287692973515163e+01 1.193289119831143452e+01 1.318750506707813841e+01
1.920417953134908373e+00 4.320533991331039658e+00 4.467683705264379412e+00 4.495691838579155331e+00 4.849553309869477857e+00 5.425742488726883472e+00 6.070956424479719615e+00 6.718728265948122669e+00 7.326729147694315714e+00 7.924211074127715193e+00 8.491345212676989718e+00 8.972265620799213082e+00 9.419263555574179492e+00 9.839855799967065053e+00 1.023048004411131551e+01 1.063530807720312588e+01 1.108183143884001964e+01 1.155403157146104931e+01 1.223404584003733397e+01 1.348865970880403786e+01
2.241505939532770775e+00 4.641621977728902948e+00 4.788771691662240926e+00 4.816779824977018620e+00 5.170641296267341147e+00 5.746830475124745874e+00 6.392044410877582905e+00 7.039816252345985070e+00 7.647817134092179003e+00 8.245299060525578483e+00 8.812433199074851231e+00 9.293353607197076371e+00 9.740351541972042781e+00 1.016094378636492834e+01 1.055156803050917702e+01 1.095639606360098739e+01 1.140291942523788293e+01 1.187511955785891260e+01 1.255513382643519549e+01 1.380974769520189938e+01
2.572802701253193547e+00 4.972918739449324832e+00 5.120068453382664586e+00 5.148076586697440504e+00 5.501938057987763031e+00 6.078127236845168646e+00 6.723341172598004789e+00 7.371113014066407843e+00 7.979113895812600887e+00 8.576595822246000367e+00 9.143729960795273115e+00 9.624650368917498255e+00 1.007164830369246644e+01 1.049224054808535023e+01 1.088286479222960068e+01 1.128769282532141105e+01 1.173421618695830482e+01 1.220641631957933448e+01 1.288643058815561915e+01 1.414104445692232304e+01
2.982095219702577182e+00 5.382211257898708467e+00 5.529360971832048222e+00 5.557369105146824140e+00 5.911230576437146667e+00 6.487419755294552282e+00 7.132633691047388425e+00 7.780405532515791478e+00 8.388406414261984523e+00 8.985888340695384002e+00 9.553022479244656751e+00 1.003394288736688189e+01 1.048094082214185008e+01 1.090153306653473386e+01 1.129215731067898432e+01 1.169698534377079469e+01 1.214350870540768845e+01 1.261570883802871812e+01 1.329572310660500278e+01 1.455033697537170667e+01
3.815109260955249937e+00 6.215225299151381222e+00 6.362375013084720976e+00 6.390383146399496894e+00 6.744244617689819421e+00 7.320433796547225036e+00 7.965647732300061179e+00 8.613419573768464232e+00 9.221420455514657277e+00 9.818902381948056757e+00 1.038603652049733128e+01 1.086695692861955465e+01 1.131395486339452106e+01 1.173454710778740662e+01 1.212517135193165707e+01 1.252999938502346744e+01 1.297652274666036121e+01 1.344872287928139087e+01 1.412873714785767554e+01 1.538335101662437943e+01
