-4.360510071890438155e+00
-1.949091854291985726e+00
-1.411790727759232311e+00
-1.084697946772120503e+00
-8.388717250561477101e-01
-6.574360889961621268e-01
-4.806981789228839119e-01
-3.642554627068257389e-01
-2.456416025592815799e-01
-1.316494751981203137e-01
-5.141948407052865377e-02
-3.364206202329356188e-03
8.782751318171833077e-02
1.574741428398951371e-01
2.127538703934241937e-01
2.548522411958451528e-01
3.254729111043346279e-01
3.668638956826146824e-01
4.142108786316445190e-01
4.287877390388672438e-01
4.713078644454764543e-01
5.315278137696761718e-01
5.503244047636997038e-01
5.748973663928751421e-01
6.029681382491229868e-01
6.613992216849648997e-01
6.454807502472856839e-01
6.665701611011964900e-01
7.003525398369401245e-01
7.238641222134649666e-01
7.598854043120404356e-01
7.848573560826022089e-01
8.216172999754931539e-01
8.274639548133464473e-01
8.581510433079486688e-01
8.581510433079486688e-01
8.871727804924276484e-01
9.207689294261900415e-01
8.757468051983288149e-01
9.145983557312842294e-01
8.938987246567347000e-01
9.648043839680795486e-01
9.448242111119746767e-01
9.560459560070047047e-01
9.974131106414567682e-01
9.817649992751249499e-01
1.000625964810781809e+00
1.017664916589952284e+00
1.037778557876084307e+00
1.050100192343105476e+00
1.010597749366858977e+00
1.029739706546243028e+00
1.070883858604320338e+00
1.077812292786283876e+00
1.089174396082896124e+00
1.036665901293979175e+00
1.085372666105536510e+00
1.074342075307276545e+00
1.096821492171830670e+00
1.071459398188551404e+00
1.115296391899647688e+00
1.139650715851411533e+00
1.125878501230184625e+00
1.143974379165104693e+00
1.122540613136409959e+00
1.141192736203226588e+00
1.112893266681862059e+00
1.153615256201783623e+00
1.164297104548644768e+00
1.127703874417283814e+00
1.128922643611412369e+00
1.118006828734417368e+00
1.149560985873744556e+00
1.120724632007808808e+00
1.126486588813531142e+00
1.159256136091869394e+00
1.170952175855061839e+00
1.131976081098303055e+00
1.142428066811220333e+00
1.139650715851411533e+00
1.139958929754298467e+00
1.126486588813531142e+00
1.119213829484452916e+00
1.135959539713368827e+00
1.175413623663196461e+00
1.128313073339565875e+00
1.151118376003196886e+00
1.158627798025328559e+00
1.127399414070891837e+00
1.147074195658403184e+00
1.141810210752021604e+00
1.163349985298681943e+00
1.119213829484452916e+00
1.136266617867171647e+00
1.159884869215380476e+00
1.085080823114994431e+00
1.144903315599762550e+00
1.102150101583049491e+00
1.092108670488697086e+00
1.087417955350300502e+00
1.128008427488008891e+00
1.099186258275311801e+00
1.104825092032353240e+00
1.109299372427273056e+00
1.104527517264497050e+00
1.095936144615105690e+00
1.091227483766969542e+00
1.065718854295599982e+00
1.087710481314065447e+00
1.065432690321692633e+00
1.071459398188551404e+00
1.069733772221082901e+00
1.054335692109960476e+00
1.042800889861494440e+00
1.034166941226340342e+00
1.076943608787832574e+00
1.031397623477534609e+00
1.022586993795380650e+00
9.987505456408687365e-01
9.912838442843323605e-01
1.006273418303857525e+00
1.009244386052969844e+00
9.744235924167572449e-01
9.718146684219579612e-01
9.586140108338554455e-01
9.778254012710458909e-01
9.707730016611009205e-01
9.478722195677420359e-01
9.599005155783864041e-01
9.279748246889880647e-01
9.645456852213261101e-01
9.349818603654611593e-01
9.272269747226857817e-01
9.118953193146399627e-01
8.917318765716437667e-01
9.057790922972035474e-01
9.277254792195499533e-01
9.030997580917237144e-01
8.611788783916249912e-01
8.738551044686779790e-01
8.383484160117689044e-01
8.279151165624831776e-01
8.308526398588629291e-01
8.196013960561501221e-01
8.171430195805715613e-01
8.120222246880306471e-01
7.643218750934845929e-01
7.831298669896469278e-01
7.734679560779103014e-01
7.542101394734945785e-01
7.444071618147862779e-01
7.079283336453965347e-01
7.250848751626239874e-01
7.025396368415677273e-01
6.898812399696439002e-01
6.818553576003338890e-01
6.392957431815382563e-01
6.534083115839344202e-01
6.477393621617082431e-01
6.231708455666424840e-01
6.129274781518798676e-01
6.131094783343833399e-01
5.814005969755751124e-01
5.665232769823447256e-01
5.544354074702226853e-01
5.527204353469254983e-01
5.248399440000888205e-01
5.040608322639474892e-01
4.797146075877041227e-01
4.733633636275715872e-01
4.458873923268118489e-01
4.299994932010751114e-01
4.198961123767936954e-01
4.011678598758106062e-01
3.589273460868778187e-01
3.687153524530408788e-01
3.293027612239818325e-01
3.027968146252923987e-01
3.053357349441725432e-01
2.735995801923412074e-01
2.444750283564705029e-01
2.083727023778614296e-01
1.848506770669260391e-01
1.789376986279016535e-01
1.440618938679403271e-01
1.218775484687935062e-01
1.017015705429145100e-01
6.515852777828712306e-02
2.463543091727871115e-02
-1.002371568339732733e-02
-4.710225540347856565e-02
-8.656893008672383871e-02
-1.234046899391429974e-01
-1.733768505757815603e-01
-2.304892088450696264e-01
-2.910954078393128697e-01
-3.637758956781436126e-01
-4.482943898115241410e-01
-5.819595896043754379e-01
-8.313868202417520337e-01
-8.313868202417520337e-01
-5.819595896043754379e-01
-4.482943898115241410e-01
-3.637758956781436126e-01
-2.910954078393128697e-01
-2.304892088450696264e-01
-1.733768505757815603e-01
-1.234046899391429974e-01
-8.656893008672383871e-02
-4.710225540347856565e-02
-1.002371568339732733e-02
2.463543091727871115e-02
6.515852777828712306e-02
1.017015705429145100e-01
1.218775484687935062e-01
1.440618938679403271e-01
1.789376986279016535e-01
1.848506770669260391e-01
2.083727023778614296e-01
2.444750283564705029e-01
2.735995801923412074e-01
3.053357349441725432e-01
3.027968146252923987e-01
3.293027612239818325e-01
3.687153524530408788e-01
3.589273460868778187e-01
4.011678598758106062e-01
4.198961123767936954e-01
4.299994932010751114e-01
4.458873923268118489e-01
4.733633636275715872e-01
4.797146075877041227e-01
5.040608322639474892e-01
5.248399440000888205e-01
5.527204353469254983e-01
5.544354074702226853e-01
5.665232769823447256e-01
5.814005969755751124e-01
6.131094783343833399e-01
6.129274781518798676e-01
6.231708455666424840e-01
6.477393621617082431e-01
6.534083115839344202e-01
6.392957431815382563e-01
6.818553576003338890e-01
6.898812399696439002e-01
7.025396368415677273e-01
7.250848751626239874e-01
7.079283336453965347e-01
7.444071618147862779e-01
7.542101394734945785e-01
7.734679560779103014e-01
7.831298669896469278e-01
7.643218750934845929e-01
8.120222246880306471e-01
8.171430195805715613e-01
8.196013960561501221e-01
8.308526398588629291e-01
8.279151165624831776e-01
8.383484160117689044e-01
8.738551044686779790e-01
8.611788783916249912e-01
9.030997580917237144e-01
9.277254792195499533e-01
9.057790922972035474e-01
8.917318765716437667e-01
9.118953193146399627e-01
9.272269747226857817e-01
9.349818603654611593e-01
9.645456852213261101e-01
9.279748246889880647e-01
9.599005155783864041e-01
9.478722195677420359e-01
9.707730016611009205e-01
9.778254012710458909e-01
9.586140108338554455e-01
9.718146684219579612e-01
9.744235924167572449e-01
1.009244386052969844e+00
1.006273418303857525e+00
9.912838442843323605e-01
9.987505456408687365e-01
1.022586993795380650e+00
1.031397623477534609e+00
1.076943608787832574e+00
1.034166941226340342e+00
1.042800889861494440e+00
1.054335692109960476e+00
1.069733772221082901e+00
1.071459398188551404e+00
1.065432690321692633e+00
1.087710481314065447e+00
1.065718854295599982e+00
1.091227483766969542e+00
1.095936144615105690e+00
1.104527517264497050e+00
1.109299372427273056e+00
1.104825092032353240e+00
1.099186258275311801e+00
1.128008427488008891e+00
1.087417955350300502e+00
1.092108670488697086e+00
1.102150101583049491e+00
1.144903315599762550e+00
1.085080823114994431e+00
1.159884869215380476e+00
1.136266617867171647e+00
1.119213829484452916e+00
1.163349985298681943e+00
1.141810210752021604e+00
1.147074195658403184e+00
1.127399414070891837e+00
1.158627798025328559e+00
1.151118376003196886e+00
1.128313073339565875e+00
1.175413623663196461e+00
1.135959539713368827e+00
1.119213829484452916e+00
1.126486588813531142e+00
1.139958929754298467e+00
1.139650715851411533e+00
1.142428066811220333e+00
1.131976081098303055e+00
1.170952175855061839e+00
1.159256136091869394e+00
1.126486588813531142e+00
1.120724632007808808e+00
1.149560985873744556e+00
1.118006828734417368e+00
1.128922643611412369e+00
1.127703874417283814e+00
1.164297104548644768e+00
1.153615256201783623e+00
1.112893266681862059e+00
1.141192736203226588e+00
1.122540613136409959e+00
1.143974379165104693e+00
1.125878501230184625e+00
1.139650715851411533e+00
1.115296391899647688e+00
1.071459398188551404e+00
1.096821492171830670e+00
1.074342075307276545e+00
1.085372666105536510e+00
1.036665901293979175e+00
1.089174396082896124e+00
1.077812292786283876e+00
1.070883858604320338e+00
1.029739706546243028e+00
1.010597749366858977e+00
1.050100192343105476e+00
1.037778557876084307e+00
1.017664916589952284e+00
1.000625964810781809e+00
9.817649992751249499e-01
9.974131106414567682e-01
9.560459560070047047e-01
9.448242111119746767e-01
9.648043839680795486e-01
8.938987246567347000e-01
9.145983557312842294e-01
8.757468051983288149e-01
9.207689294261900415e-01
8.871727804924276484e-01
8.581510433079486688e-01
8.581510433079486688e-01
8.274639548133464473e-01
8.216172999754931539e-01
7.848573560826022089e-01
7.598854043120404356e-01
7.238641222134649666e-01
7.003525398369401245e-01
6.665701611011964900e-01
6.454807502472856839e-01
6.613992216849648997e-01
6.029681382491229868e-01
5.748973663928751421e-01
5.503244047636997038e-01
5.315278137696761718e-01
4.713078644454764543e-01
4.287877390388672438e-01
4.142108786316445190e-01
3.668638956826146824e-01
3.254729111043346279e-01
2.548522411958451528e-01
2.127538703934241937e-01
1.574741428398951371e-01
8.782751318171833077e-02
-3.364206202329356188e-03
-5.141948407052865377e-02
-1.316494751981203137e-01
-2.456416025592815799e-01
-3.642554627068257389e-01
-4.806981789228839119e-01
-6.574360889961621268e-01
-8.388717250561477101e-01
-1.084697946772120503e+00
-1.411790727759232311e+00
-1.949091854291985726e+00
-4.360510071890438155e+00
