-5.293427490293327153e+00 -2.797191961148262518e+00 -2.478155419024602235e+00 -2.396683648993763516e+00 -2.411210689798934492e+00 -2.335705515839807678e+00 -2.147677111575826636e+00 -1.855376108645791167e+00 -1.571087874664416795e+00 -1.281389858192331976e+00 -8.672917495496803575e-01 -5.417025613652644012e-01 -2.835265539766993470e-01 -6.361330237750717487e-02 1.271183372146240664e-01 3.010036824831714419e-01 4.545767014365340586e-01 5.880084482837037996e-01 7.113948421882216877e-01 8.961825639116156594e-01
-2.893311452097194980e+00 -3.970759229521307887e-01 -7.803938082847050595e-02 3.432389202368213432e-03 -1.109465160280276308e-02 6.441052235632405143e-02 2.524389266203050930e-01 5.447399295503405625e-01 8.290281635317149345e-01 1.118726180003799753e+00 1.532824288646451372e+00 1.858413476830867328e+00 2.116589484219432382e+00 2.336502735818624554e+00 2.527234375410755796e+00 2.701119720679303171e+00 2.854692739632665788e+00 2.988124486479835529e+00 3.111510880384353417e+00 3.296298602107747389e+00
-2.746161738163856114e+00 -2.499262090187919227e-01 6.911033310486836001e-02 1.505821031357070794e-01 1.360550623305361029e-01 2.115602362896629174e-01 3.995886405536439590e-01 6.918896434836794285e-01 9.761778774650538004e-01 1.265875893937138619e+00 1.679974002579790238e+00 2.005563190764206194e+00 2.263739198152771248e+00 2.483652449751963420e+00 2.674384089344094662e+00 2.848269434612642037e+00 3.001842453566004654e+00 3.135274200413174395e+00 3.258660594317692283e+00 3.443448316041086255e+00
-2.718153604849079308e+00 -2.219180757040151164e-01 9.711846641964516635e-02 1.785902364504838857e-01 1.640631956453129092e-01 2.395683696044397237e-01 4.275967738684207653e-01 7.198977767984562348e-01 1.004186010779830607e+00 1.293884027251915425e+00 1.707982135894567044e+00 2.033571324078983000e+00 2.291747331467548054e+00 2.511660583066740227e+00 2.702392222658871468e+00 2.876277567927418843e+00 3.029850586880781460e+00 3.163282333727951201e+00 3.286668727632469089e+00 3.471456449355863061e+00
-2.364292133558756781e+00 1.319433955863074104e-01 4.509799377099676931e-01 5.324517077408064125e-01 5.179246669356354360e-01 5.934298408947622505e-01 7.814582451587432921e-01 1.073759248088778762e+00 1.358047482070153134e+00 1.647745498542237952e+00 2.061843607184889571e+00 2.387432795369305527e+00 2.645608802757870581e+00 2.865522054357062753e+00 3.056253693949193995e+00 3.230139039217741370e+00 3.383712058171103987e+00 3.517143805018273728e+00 3.640530198922791616e+00 3.825317920646185588e+00
-1.788102954701351610e+00 7.081325744437125813e-01 1.027169116567372864e+00 1.108640886598211583e+00 1.094113845793040607e+00 1.169619019752167421e+00 1.357647424016148463e+00 1.649948426946183933e+00 1.934236660927558304e+00 2.223934677399642901e+00 2.638032786042294742e+00 2.963621974226710698e+00 3.221797981615275752e+00 3.441711233214467924e+00 3.632442872806599166e+00 3.806328218075146541e+00 3.959901237028509158e+00 4.093332983875678899e+00 4.216719377780196787e+00 4.401507099503590759e+00
-1.142889018948515023e+00 1.353346510196549168e+00 1.672383052320209451e+00 1.753854822351048171e+00 1.739327781545877194e+00 1.814832955505004009e+00 2.002861359768985050e+00 2.295162362699020520e+00 2.579450596680394892e+00 2.869148613152479932e+00 3.283246721795131329e+00 3.608835909979547285e+00 3.867011917368112339e+00 4.086925168967304955e+00 4.277656808559435753e+00 4.451542153827983128e+00 4.605115172781346189e+00 4.738546919628515042e+00 4.861933313533032930e+00 5.046721035256426902e+00
-4.951171774801124137e-01 2.001118351664951778e+00 2.320154893788612060e+00 2.401626663819450780e+00 2.387099623014279803e+00 2.462604796973406618e+00 2.650633201237387659e+00 2.942934204167423129e+00 3.227222438148797501e+00 3.516920454620882097e+00 3.931018563263533938e+00 4.256607751447949894e+00 4.514783758836514949e+00 4.734697010435707121e+00 4.925428650027837918e+00 5.099313995296386182e+00 5.252887014249748354e+00 5.386318761096918095e+00 5.509705155001435983e+00 5.694492876724829955e+00
1.128837042660810752e-01 2.609119233411145267e+00 2.928155775534805549e+00 3.009627545565644269e+00 2.995100504760473292e+00 3.070605678719600107e+00 3.258634082983581148e+00 3.550935085913616618e+00 3.835223319894990990e+00 4.124921336367076030e+00 4.539019445009727427e+00 4.864608633194142939e+00 5.122784640582707993e+00 5.342697892181901054e+00 5.533429531774031851e+00 5.707314877042579226e+00 5.860887895995942287e+00 5.994319642843111140e+00 6.117706036747629028e+00 6.302493758471023000e+00
7.103656306994805547e-01 3.206601159844544746e+00 3.525637701968205029e+00 3.607109471999043748e+00 3.592582431193872772e+00 3.668087605152999586e+00 3.856116009416980628e+00 4.148417012347016097e+00 4.432705246328390913e+00 4.722403262800475510e+00 5.136501371443126907e+00 5.462090559627542419e+00 5.720266567016107473e+00 5.940179818615300533e+00 6.130911458207431330e+00 6.304796803475978706e+00 6.458369822429341767e+00 6.591801569276510619e+00 6.715187963181028508e+00 6.899975684904422479e+00
1.277499769248753747e+00 3.773735298393817938e+00 4.092771840517478665e+00 4.174243610548316497e+00 4.159716569743146408e+00 4.235221743702272335e+00 4.423250147966253820e+00 4.715551150896288846e+00 4.999839384877663662e+00 5.289537401349748258e+00 5.703635509992400543e+00 6.029224698176816055e+00 6.287400705565381109e+00 6.507313957164573281e+00 6.698045596756704967e+00 6.871930942025251454e+00 7.025503960978614515e+00 7.158935707825784256e+00 7.282322101730302144e+00 7.467109823453696116e+00
1.758420177370977999e+00 4.254655706516041747e+00 4.573692248639702029e+00 4.655164018670541637e+00 4.640636977865369772e+00 4.716142151824497475e+00 4.904170556088478072e+00 5.196471559018513986e+00 5.480759792999887914e+00 5.770457809471972510e+00 6.184555918114623907e+00 6.510145106299040307e+00 6.768321113687605362e+00 6.988234365286797534e+00 7.178966004878928331e+00 7.352851350147476595e+00 7.506424369100838767e+00 7.639856115948008508e+00 7.763242509852526396e+00 7.948030231575920368e+00
2.205418112145945297e+00 4.701653641291009933e+00 5.020690183414670216e+00 5.102161953445508047e+00 5.087634912640337959e+00 5.163140086599463885e+00 5.351168490863445371e+00 5.643469493793480396e+00 5.927757727774855212e+00 6.217455744246939808e+00 6.631553852889592093e+00 6.957143041074007606e+00 7.215319048462572660e+00 7.435232300061764832e+00 7.625963939653896517e+00 7.799849284922443005e+00 7.953422303875806065e+00 8.086854050722976694e+00 8.210240444627494583e+00 8.395028166350886778e+00
2.626010356538829971e+00 5.122245885683893718e+00 5.441282427807554001e+00 5.522754197838393608e+00 5.508227157033221744e+00 5.583732330992349446e+00 5.771760735256330044e+00 6.064061738186365957e+00 6.348349972167739885e+00 6.638047988639824482e+00 7.052146097282475878e+00 7.377735285466892279e+00 7.635911292855457333e+00 7.855824544454649505e+00 8.046556184046780302e+00 8.220441529315328566e+00 8.374014548268689850e+00 8.507446295115860480e+00 8.630832689020378368e+00 8.815620410743772339e+00
3.016634600683080425e+00 5.512870129828144172e+00 5.831906671951804455e+00 5.913378441982644063e+00 5.898851401177472198e+00 5.974356575136599901e+00 6.162384979400580498e+00 6.454685982330616412e+00 6.738974216311990340e+00 7.028672232784074936e+00 7.442770341426726333e+00 7.768359529611142733e+00 8.026535536999707787e+00 8.246448788598900848e+00 8.437180428191030757e+00 8.611065773459579020e+00 8.764638792412942081e+00 8.898070539260110934e+00 9.021456933164628822e+00 9.206244654888022794e+00
3.421462633774890794e+00 5.917698162919954541e+00 6.236734705043614824e+00 6.318206475074454431e+00 6.303679434269282567e+00 6.379184608228410269e+00 6.567213012492390867e+00 6.859514015422426780e+00 7.143802249403800708e+00 7.433500265875885304e+00 7.847598374518536701e+00 8.173187562702953102e+00 8.431363570091518156e+00 8.651276821690711216e+00 8.842008461282841125e+00 9.015893806551389389e+00 9.169466825504752450e+00 9.302898572351921302e+00 9.426284966256439191e+00 9.611072687979833162e+00
3.867985995411784561e+00 6.364221524556848308e+00 6.683258066680508591e+00 6.764729836711348199e+00 6.750202795906176334e+00 6.825707969865304037e+00 7.013736374129284634e+00 7.306037377059320548e+00 7.590325611040694476e+00 7.880023627512779072e+00 8.294121736155430469e+00 8.619710924339846869e+00 8.877886931728411923e+00 9.097800183327603207e+00 9.288531822919734893e+00 9.462417168188283156e+00 9.615990187141644441e+00 9.749421933988815070e+00 9.872808327893332958e+00 1.005759604961672693e+01
4.340186128032813784e+00 6.836421657177877975e+00 7.155458199301538258e+00 7.236929969332377865e+00 7.222402928527206001e+00 7.297908102486333703e+00 7.485936506750314301e+00 7.778237509680350215e+00 8.062525743661723254e+00 8.352223760133808739e+00 8.766321868776460136e+00 9.091911056960876536e+00 9.350087064349441590e+00 9.570000315948632874e+00 9.760731955540764559e+00 9.934617300809312823e+00 1.008819031976267411e+01 1.022162206660984474e+01 1.034500846051436262e+01 1.052979618223775660e+01
5.020200396609098448e+00 7.516435925754162639e+00 7.835472467877822922e+00 7.916944237908662529e+00 7.902417197103490665e+00 7.977922371062618367e+00 8.165950775326599853e+00 8.458251778256634879e+00 8.742540012238009695e+00 9.032238028710093403e+00 9.446336137352744800e+00 9.771925325537161200e+00 1.003010133292572625e+01 1.025001458452491931e+01 1.044074622411704922e+01 1.061463156938559749e+01 1.076820458833896055e+01 1.090163633518612940e+01 1.102502272909064729e+01 1.120981045081404126e+01
6.274814265375802336e+00 8.771049794520866527e+00 9.090086336644526810e+00 9.171558106675366417e+00 9.157031065870194553e+00 9.232536239829322255e+00 9.420564644093303741e+00 9.712865647023338767e+00 9.997153881004713583e+00 1.028685189747679729e+01 1.070095000611944869e+01 1.102653919430386509e+01 1.128471520169243014e+01 1.150462845329162320e+01 1.169536009288375311e+01 1.186924543815230138e+01 1.202281845710566444e+01 1.215625020395283329e+01 1.227963659785735118e+01 1.246442431958074515e+01
