-5.353676048261002407e+00
-2.796372114026084432e+00
-2.284248217625139077e+00
-1.964655572828556629e+00
-1.731247989158998024e+00
-1.549018186291778676e+00
-1.399862452410211233e+00
-1.274535642769569321e+00
-1.166033456539960156e+00
-1.070774308666020858e+00
-9.864252329354901150e-01
-9.135919824124503208e-01
-8.454485323861895552e-01
-7.834529399229026581e-01
-7.272146814282596239e-01
-6.747874451277837693e-01
-6.273942927479119192e-01
-5.830073609673895874e-01
-5.428280398914839822e-01
-5.036197235156603114e-01
-4.662591273407521442e-01
-4.326709104866530708e-01
-4.008068679270451184e-01
-3.738857622387889990e-01
-3.431530448443727010e-01
-3.184634280412161900e-01
-2.941295758919348913e-01
-2.719709634671740872e-01
-2.506532220779345010e-01
-2.333719513133498680e-01
-2.124591199640821770e-01
-1.918941118617247810e-01
-1.762289604902669282e-01
-1.631934797153906658e-01
-1.446966067701982439e-01
-1.330690635446796222e-01
-1.223395525286985475e-01
-1.110602413164656355e-01
-9.965828882005745015e-02
-8.894247418360556878e-02
-8.030523731217797945e-02
-7.211185425117605519e-02
-6.395710214630234702e-02
-6.050121550937781478e-02
-5.386930694968583566e-02
-5.069311431551781766e-02
-4.756189693045342892e-02
-4.425290221971422966e-02
-4.551921196762620525e-02
-4.681572948299894676e-02
-4.811480388987732226e-02
-4.578671653378307838e-02
-4.866317197928005100e-02
-4.929162571815659533e-02
-5.500152151794424071e-02
-5.561339375036133958e-02
-6.107419394635194010e-02
-6.627035398232905550e-02
-6.581895103721713269e-02
-7.398336121549675681e-02
-7.419590479547011341e-02
-7.868383610767892833e-02
-7.967751279287327293e-02
-8.287765975576633082e-02
-8.275492372399639862e-02
-8.301060679293037481e-02
-8.265467812218751931e-02
-8.029908506245497790e-02
-8.000168119093586938e-02
-7.784336782081346939e-02
-7.405971702120694999e-02
-6.774379541984210107e-02
-6.284542198709708316e-02
-5.792713064713872484e-02
-4.843454538901248441e-02
-4.349575018102491697e-02
-3.139745608069155480e-02
-2.565258527345193329e-02
-1.292061266505939443e-02
-4.110266280914487425e-04
1.001217721005964734e-02
2.420389869713091002e-02
3.715742098307117658e-02
5.060581145985665330e-02
6.727529973911039463e-02
8.707925808137773060e-02
1.029018123524956252e-01
1.209430231620345353e-01
1.382766015957024308e-01
1.563315747692612945e-01
1.724557179589822908e-01
1.935712648054348506e-01
2.175508861281016948e-01
2.366397725236684124e-01
2.557757939610176834e-01
2.810963982796650384e-01
3.021326475645818022e-01
3.220343003793946224e-01
3.471867660664251787e-01
3.693775031446087098e-01
3.944031840825505952e-01
4.208258153544424118e-01
4.420668537527259190e-01
4.670604092146799502e-01
4.963530803019047255e-01
5.190482257803381572e-01
5.455090902527999219e-01
5.725946501636229868e-01
6.004991269298045609e-01
6.279255594549582042e-01
6.533966932318726606e-01
6.810341734761458099e-01
7.029730747112363787e-01
7.308952008800719824e-01
7.587268360824701574e-01
7.858425597148599451e-01
8.099756719387087855e-01
8.428853874578816630e-01
8.667971114843755487e-01
8.894811205153896339e-01
9.218003262977738643e-01
9.474718493577309886e-01
9.750916703900944782e-01
1.004533169338182930e+00
1.032337775237490263e+00
1.059410806468973121e+00
1.087329512581163726e+00
1.118801390636006587e+00
1.148397948178645933e+00
1.171835524111674687e+00
1.206212347268225571e+00
1.232768638442438558e+00
1.267109838868995197e+00
1.297884702921981770e+00
1.318992993493392163e+00
1.356942700071703811e+00
1.385068446194086533e+00
1.416185574159339211e+00
1.437437959110168251e+00
1.472782238795565135e+00
1.507834445653987387e+00
1.530349506115136649e+00
1.563848632829943242e+00
1.591925487349470814e+00
1.620083262534979696e+00
1.644224913475660799e+00
1.673751273736865386e+00
1.706793516025463475e+00
1.728809709503781988e+00
1.760919934077083582e+00
1.782614743315479089e+00
1.811934966031431671e+00
1.837468385321706421e+00
1.866310616492437902e+00
1.894456867466399075e+00
1.925412774045472730e+00
1.952053424836655893e+00
1.977173803732258150e+00
2.008291590954611294e+00
2.030185877406783135e+00
2.058332578469601160e+00
2.091136326541853663e+00
2.111560774583701061e+00
2.134005676514666661e+00
2.162958425468600510e+00
2.194368659355022899e+00
2.232188762372315338e+00
2.246372805602950606e+00
2.276700778838016248e+00
2.297973520436823236e+00
2.323059946183432700e+00
2.357205553692789834e+00
2.376686227564306364e+00
2.406218705546010028e+00
2.427191353998555456e+00
2.462232332749128005e+00
2.484213556699183201e+00
2.519608521634451037e+00
2.536312231181256038e+00
2.563430511492267527e+00
2.598030556063660512e+00
2.633654175201858294e+00
2.651039946385431278e+00
2.669470719134736214e+00
2.699387828023558811e+00
2.735455656792812107e+00
2.758221318348574869e+00
2.789838876535219114e+00
2.813262579584742795e+00
2.843564510788908706e+00
2.871667773102393184e+00
2.898081400966217913e+00
2.931985732616629647e+00
2.949485022388671496e+00
2.989706023484089314e+00
2.999071174819507135e+00
3.034888988755184869e+00
3.070120626891185367e+00
3.097100767942279731e+00
3.131832040996272326e+00
3.160082945026710277e+00
3.179388053361083877e+00
3.201145059171349061e+00
3.227020010007196404e+00
3.256116277809397275e+00
3.260045101906271725e+00
3.290670236052971376e+00
3.324359804937568441e+00
3.348857967981581751e+00
3.366473945603770446e+00
3.405473176524944634e+00
3.435650809731535915e+00
3.467693372950520825e+00
3.472621778340522880e+00
3.481901419077118476e+00
3.529788616035142823e+00
3.544529021164914084e+00
3.577616392803497192e+00
3.576980361616527659e+00
3.627847072305653953e+00
3.627847072305653953e+00
3.655659616233792875e+00
3.680206065817761996e+00
3.691460560081637254e+00
3.715360331363534385e+00
3.758539214588592969e+00
3.777977855910410909e+00
3.784509685129187062e+00
3.793252802860402895e+00
3.827681856994395559e+00
3.828294789897434214e+00
3.855852733961091516e+00
3.891022838388392913e+00
3.903724202613451766e+00
3.928378248454416521e+00
3.949148138067075209e+00
3.969416741071746912e+00
3.985310801197979202e+00
4.012703133184867710e+00
4.025814019814992761e+00
4.050136307557780313e+00
4.068936758287568622e+00
4.080178706749201467e+00
4.102780041043203596e+00
4.110338451976451424e+00
4.160057105587481985e+00
4.154802531259216281e+00
4.183685924247182442e+00
4.206543219584585103e+00
4.229324622707006043e+00
4.241144546948977023e+00
4.253731147733560647e+00
4.280352906874052010e+00
4.289062639352607675e+00
4.321161518902620458e+00
4.326528858188460447e+00
4.337350742632562373e+00
4.375470396074657486e+00
4.380782963908625760e+00
4.431030154935440279e+00
4.424887743813005869e+00
4.443618390680523333e+00
4.463092087395102325e+00
4.473557299186200709e+00
4.477461266666503903e+00
4.518992489747040153e+00
4.523078297269620407e+00
4.532746170576530176e+00
4.588203821092861290e+00
4.594340154176499880e+00
4.586675603351928032e+00
4.630374040351382448e+00
4.645529324679671390e+00
4.655995753519594160e+00
4.707079872488185046e+00
4.723453346686158127e+00
4.725205756697770099e+00
4.725707009841096706e+00
4.751095527590756262e+00
4.754185924075574832e+00
4.793643962267244873e+00
4.831652638567817348e+00
4.830260074632985123e+00
4.858200371052500799e+00
4.826093980563989305e+00
4.845685987026772779e+00
4.904175382995129340e+00
4.898199864766468181e+00
4.929977391078802285e+00
4.927520387385749601e+00
4.958992060944417801e+00
5.000684963243088532e+00
5.011635794429839308e+00
5.021359257459232062e+00
5.039377762961910534e+00
5.030838001413775906e+00
5.087516338432213736e+00
5.074996053256646711e+00
5.120078205477638811e+00
5.162621651094138286e+00
5.150280576609774563e+00
5.183798913105445827e+00
5.168849775546977554e+00
5.179448500865419192e+00
5.235864351901487801e+00
5.194958853560883938e+00
5.247624252232519382e+00
5.274166906315754133e+00
5.295654249128554092e+00
5.308143260699328181e+00
5.296984921314258798e+00
5.343779740624794883e+00
5.343779740624794883e+00
5.393849793269601456e+00
5.452764386576012257e+00
5.414102399541747879e+00
5.445529212895232618e+00
5.434264372832092072e+00
5.483844054290940129e+00
5.514264650991652417e+00
5.471613112134679824e+00
5.551347551612447084e+00
5.535447159836986764e+00
5.561126174254678922e+00
5.579796494875211010e+00
5.543933773714305957e+00
5.606655763925479263e+00
5.665202992688726624e+00
5.666486689912504815e+00
5.656262958688225595e+00
5.717205494988342629e+00
5.678114727907623838e+00
5.721946445283872862e+00
5.743910265746981381e+00
5.770634781644042199e+00
5.769210279978657319e+00
5.763532479061975522e+00
5.798093154127442972e+00
5.921938484459372098e+00
5.857710956948938730e+00
5.897367223728867458e+00
5.877342525781583227e+00
5.961690018406751612e+00
5.921109640648971606e+00
6.003087386935975545e+00
5.962553203613563113e+00
5.979975247060226984e+00
5.979096898299321339e+00
6.080660125912453751e+00
6.060457418594934254e+00
6.114260124587910461e+00
6.141770774469926586e+00
6.126393741599336806e+00
6.215719827274883258e+00
6.124361220574414233e+00
6.192629191703416858e+00
6.238217964061326448e+00
6.276483502140280279e+00
6.313814748505640395e+00
6.327403592567536705e+00
6.451737891711141870e+00
6.373213128598830934e+00
6.392937633946609743e+00
6.392937633946609743e+00
6.471653201412083334e+00
6.500809785703538957e+00
6.502290170873973096e+00
6.529318843261893157e+00
6.598637925810291627e+00
6.544656567245602297e+00
6.671366500917907061e+00
6.613428663811688146e+00
6.747906578040241854e+00
6.802394763324311810e+00
6.767027619487020473e+00
6.784554845195980732e+00
6.834917955029871095e+00
6.909979974004248682e+00
6.934783951370056876e+00
7.098109007473357046e+00
7.043193249877242046e+00
7.040651952448569340e+00
7.061165492281672229e+00
7.159069707263044258e+00
7.217910207285977542e+00
7.270799671206350290e+00
7.441053758600187251e+00
7.364513681477852458e+00
7.507614525118525783e+00
7.669895331029034757e+00
7.703796882704716076e+00
7.775255846686860650e+00
7.899009049329747789e+00
8.040269119325929026e+00
8.272070733383252161e+00
8.562655565492995891e+00
8.740336742730448805e+00
9.188361465257408156e+00
1.037794553213124438e+01
1.301700286174650323e+01
