-4.468613402728475847e+00
-2.095563155511388942e+00
-1.554155498472232111e+00
-1.214382443251221133e+00
-9.611454491038244896e-01
-7.755102341231197016e-01
-6.220376563770102507e-01
-4.857378113572821121e-01
-3.715955476199166441e-01
-2.688811290691397460e-01
-1.662712059884423610e-01
-9.776966855949176249e-02
-2.980710703141298268e-02
3.660252556977816596e-02
1.070134936673365900e-01
1.526937941776651542e-01
2.137587614277389747e-01
2.687753724938080069e-01
3.065061921069123230e-01
3.558841434458379638e-01
3.868674793935724665e-01
4.280759473485886701e-01
4.711566971819252103e-01
5.101097481609304651e-01
5.279254699317643684e-01
5.522452966014750331e-01
5.901553696935089022e-01
6.213189286970912661e-01
6.270408442928090409e-01
6.619960146763634867e-01
6.815601584660466727e-01
7.178647772491988377e-01
7.324319298388619615e-01
7.601063177711342433e-01
7.669541167515969704e-01
7.965920324701620814e-01
8.108964151937083642e-01
8.299718624524601296e-01
8.280959149098396921e-01
8.612205848237906025e-01
8.864224920521124318e-01
8.911713967309840001e-01
8.967147050795052365e-01
9.264912468102544096e-01
9.469547849674651019e-01
9.580569398180251994e-01
9.741102427779004813e-01
9.781781205558797154e-01
9.770062127234400151e-01
9.827673383707580257e-01
1.018223340141325650e+00
1.019968439764001644e+00
1.019968439764001644e+00
1.040675061940083523e+00
1.041150686205886799e+00
1.048432126911936990e+00
1.056914146062453597e+00
1.073666997435632098e+00
1.082738613844831832e+00
1.089081918696738427e+00
1.081251901064019805e+00
1.077791476181046093e+00
1.095277376418524184e+00
1.113969509430678073e+00
1.107276257351225368e+00
1.127880985151266557e+00
1.114609304718015892e+00
1.130023495303738912e+00
1.136020905718448049e+00
1.138377544672444230e+00
1.164808461050869326e+00
1.153899140260195466e+00
1.153566372628759495e+00
1.156231619409041400e+00
1.173391624615264917e+00
1.165481635091772716e+00
1.168989463837123211e+00
1.156965809330223749e+00
1.165818392124759129e+00
1.164404774037379298e+00
1.173527383507680710e+00
1.186234208393317502e+00
1.185272141249292588e+00
1.181980634471807790e+00
1.188574517831526123e+00
1.196878489152444658e+00
1.195628488989685323e+00
1.192925503665852816e+00
1.181433101777273009e+00
1.176110310446672358e+00
1.197504075660178913e+00
1.178972907821306038e+00
1.195142799474499640e+00
1.184036556248607042e+00
1.197782239778801383e+00
1.200428665169008369e+00
1.179792300151207840e+00
1.184585516668622773e+00
1.186096713549156689e+00
1.204621543429043484e+00
1.188574517831526123e+00
1.181843723190104001e+00
1.178972907821306038e+00
1.169327404430383410e+00
1.182186036547092201e+00
1.179655688129136237e+00
1.182871014997052939e+00
1.173459501757662338e+00
1.176654935689898096e+00
1.181159447811003460e+00
1.167841319314954163e+00
1.165414297291674117e+00
1.159305460786871578e+00
1.155231319235605625e+00
1.157834183854582477e+00
1.157032580605244831e+00
1.151970627609291142e+00
1.138901997287060652e+00
1.160912962807509885e+00
1.140674058263364543e+00
1.144821120126255920e+00
1.118970802235496720e+00
1.136151684506314652e+00
1.132431175009211088e+00
1.113969509430678073e+00
1.105752641007724080e+00
1.104104672072931947e+00
1.099618234419059704e+00
1.110203026635200985e+00
1.102396189359129863e+00
1.073298469699748736e+00
1.084165457351273787e+00
1.072439099442453525e+00
1.066261142979172405e+00
1.072071023860113215e+00
1.064311705870787605e+00
1.052092826532083691e+00
1.047893156332671438e+00
1.043353395832921748e+00
1.040080849551097586e+00
1.027096720020624687e+00
1.009255189080670689e+00
1.012254902896220443e+00
1.005001820212866548e+00
1.000766465896301582e+00
9.867580133686928434e-01
9.951849500961742478e-01
9.881669802656301016e-01
9.669067983197088267e-01
9.601935171777711275e-01
9.534705271919694525e-01
9.264912468102544096e-01
9.406425523068158157e-01
9.220998215365714401e-01
9.102392784074435639e-01
9.028066186018932626e-01
9.052953428604606501e-01
8.866772366720105936e-01
8.777995626399928142e-01
8.720082837068741100e-01
8.439350486872356782e-01
8.441791952740587135e-01
8.265592999616284686e-01
8.224413090819489014e-01
7.952890400572307783e-01
8.004644799808939837e-01
7.931984955221942357e-01
7.692169707222440422e-01
7.700328532804210369e-01
7.385647684056646511e-01
7.193292216682181106e-01
7.094215684071869532e-01
6.942582113773525521e-01
6.787417374019639738e-01
6.614263532026249948e-01
6.563139506044421978e-01
6.348929966184879703e-01
6.190159044732848059e-01
5.968446120740207306e-01
5.934943976487403461e-01
5.640953848250109814e-01
5.412912516333925339e-01
5.170923551733217494e-01
4.950483862723000783e-01
4.696780532320392609e-01
4.552423038892801088e-01
4.238970862736231027e-01
4.147963896109718718e-01
3.832573114723558660e-01
3.454200236370841282e-01
3.212765755743571816e-01
2.885549263025772859e-01
2.455342970945491032e-01
2.087277609559219371e-01
1.678747254771195685e-01
1.194512017616968791e-01
5.364627125692855714e-02
-2.504767367193139194e-02
-1.406647939634702027e-01
-3.844421498099190870e-01
-3.844421498099190870e-01
-1.406647939634702027e-01
-2.504767367193139194e-02
5.364627125692855714e-02
1.194512017616968791e-01
1.678747254771195685e-01
2.087277609559219371e-01
2.455342970945491032e-01
2.885549263025772859e-01
3.212765755743571816e-01
3.454200236370841282e-01
3.832573114723558660e-01
4.147963896109718718e-01
4.238970862736231027e-01
4.552423038892801088e-01
4.696780532320392609e-01
4.950483862723000783e-01
5.170923551733217494e-01
5.412912516333925339e-01
5.640953848250109814e-01
5.934943976487403461e-01
5.968446120740207306e-01
6.190159044732848059e-01
6.348929966184879703e-01
6.563139506044421978e-01
6.614263532026249948e-01
6.787417374019639738e-01
6.942582113773525521e-01
7.094215684071869532e-01
7.193292216682181106e-01
7.385647684056646511e-01
7.700328532804210369e-01
7.692169707222440422e-01
7.931984955221942357e-01
8.004644799808939837e-01
7.952890400572307783e-01
8.224413090819489014e-01
8.265592999616284686e-01
8.441791952740587135e-01
8.439350486872356782e-01
8.720082837068741100e-01
8.777995626399928142e-01
8.866772366720105936e-01
9.052953428604606501e-01
9.028066186018932626e-01
9.102392784074435639e-01
9.220998215365714401e-01
9.406425523068158157e-01
9.264912468102544096e-01
9.534705271919694525e-01
9.601935171777711275e-01
9.669067983197088267e-01
9.881669802656301016e-01
9.951849500961742478e-01
9.867580133686928434e-01
1.000766465896301582e+00
1.005001820212866548e+00
1.012254902896220443e+00
1.009255189080670689e+00
1.027096720020624687e+00
1.040080849551097586e+00
1.043353395832921748e+00
1.047893156332671438e+00
1.052092826532083691e+00
1.064311705870787605e+00
1.072071023860113215e+00
1.066261142979172405e+00
1.072439099442453525e+00
1.084165457351273787e+00
1.073298469699748736e+00
1.102396189359129863e+00
1.110203026635200985e+00
1.099618234419059704e+00
1.104104672072931947e+00
1.105752641007724080e+00
1.113969509430678073e+00
1.132431175009211088e+00
1.136151684506314652e+00
1.118970802235496720e+00
1.144821120126255920e+00
1.140674058263364543e+00
1.160912962807509885e+00
1.138901997287060652e+00
1.151970627609291142e+00
1.157032580605244831e+00
1.157834183854582477e+00
1.155231319235605625e+00
1.159305460786871578e+00
1.165414297291674117e+00
1.167841319314954163e+00
1.181159447811003460e+00
1.176654935689898096e+00
1.173459501757662338e+00
1.182871014997052939e+00
1.179655688129136237e+00
1.182186036547092201e+00
1.169327404430383410e+00
1.178972907821306038e+00
1.181843723190104001e+00
1.188574517831526123e+00
1.204621543429043484e+00
1.186096713549156689e+00
1.184585516668622773e+00
1.179792300151207840e+00
1.200428665169008369e+00
1.197782239778801383e+00
1.184036556248607042e+00
1.195142799474499640e+00
1.178972907821306038e+00
1.197504075660178913e+00
1.176110310446672358e+00
1.181433101777273009e+00
1.192925503665852816e+00
1.195628488989685323e+00
1.196878489152444658e+00
1.188574517831526123e+00
1.181980634471807790e+00
1.185272141249292588e+00
1.186234208393317502e+00
1.173527383507680710e+00
1.164404774037379298e+00
1.165818392124759129e+00
1.156965809330223749e+00
1.168989463837123211e+00
1.165481635091772716e+00
1.173391624615264917e+00
1.156231619409041400e+00
1.153566372628759495e+00
1.153899140260195466e+00
1.164808461050869326e+00
1.138377544672444230e+00
1.136020905718448049e+00
1.130023495303738912e+00
1.114609304718015892e+00
1.127880985151266557e+00
1.107276257351225368e+00
1.113969509430678073e+00
1.095277376418524184e+00
1.077791476181046093e+00
1.081251901064019805e+00
1.089081918696738427e+00
1.082738613844831832e+00
1.073666997435632098e+00
1.056914146062453597e+00
1.048432126911936990e+00
1.041150686205886799e+00
1.040675061940083523e+00
1.019968439764001644e+00
1.019968439764001644e+00
1.018223340141325650e+00
9.827673383707580257e-01
9.770062127234400151e-01
9.781781205558797154e-01
9.741102427779004813e-01
9.580569398180251994e-01
9.469547849674651019e-01
9.264912468102544096e-01
8.967147050795052365e-01
8.911713967309840001e-01
8.864224920521124318e-01
8.612205848237906025e-01
8.280959149098396921e-01
8.299718624524601296e-01
8.108964151937083642e-01
7.965920324701620814e-01
7.669541167515969704e-01
7.601063177711342433e-01
7.324319298388619615e-01
7.178647772491988377e-01
6.815601584660466727e-01
6.619960146763634867e-01
6.270408442928090409e-01
6.213189286970912661e-01
5.901553696935089022e-01
5.522452966014750331e-01
5.279254699317643684e-01
5.101097481609304651e-01
4.711566971819252103e-01
4.280759473485886701e-01
3.868674793935724665e-01
3.558841434458379638e-01
3.065061921069123230e-01
2.687753724938080069e-01
2.137587614277389747e-01
1.526937941776651542e-01
1.070134936673365900e-01
3.660252556977816596e-02
-2.980710703141298268e-02
-9.776966855949176249e-02
-1.662712059884423610e-01
-2.688811290691397460e-01
-3.715955476199166441e-01
-4.857378113572821121e-01
-6.220376563770102507e-01
-7.755102341231197016e-01
-9.611454491038244896e-01
-1.214382443251221133e+00
-1.554155498472232111e+00
-2.095563155511388942e+00
-4.468613402728475847e+00
