-5.184439090067590961e+00 -2.677405945171050572e+00 -2.329224423118413601e+00 -2.199521560243842710e+00 -2.199606450142697511e+00 -2.193605668548448850e+00 -2.108639287041766508e+00 -1.909396207156641267e+00 -1.708241740077681925e+00 -1.515842831935248602e+00 -1.150790900724213195e+00 -8.546207980107638491e-01 -6.355249282654324983e-01 -4.586829210075404895e-01 -3.172208946683663378e-01 -2.015667751520564543e-01 -1.090298258692130595e-01 -5.628525327075628581e-02 -5.186950365963216569e-02 -1.680654238367984554e-01
-2.688203560922526769e+00 -1.811704160259863805e-01 1.670111060266505909e-01 2.967139689012214809e-01 2.966290790023666801e-01 3.026298605966153410e-01 3.875962421032976835e-01 5.868393219884229239e-01 7.879937890673822665e-01 9.803926972098155890e-01 1.345444628420850997e+00 1.641614731134300342e+00 1.860710600879631693e+00 2.037552608137523702e+00 2.179014634476697854e+00 2.294668753993007737e+00 2.387205703275851132e+00 2.439950275874307906e+00 2.444366025485432026e+00 2.328170105308265736e+00
-2.369167018798866486e+00 1.378661260976739023e-01 4.860476481503108737e-01 6.157505110248817637e-01 6.156656211260269629e-01 6.216664027202756238e-01 7.066327842269579662e-01 9.058758641120832067e-01 1.107030331191042549e+00 1.299429239333475872e+00 1.664481170544511279e+00 1.960651273257960625e+00 2.179747143003291754e+00 2.356589150261183985e+00 2.498051176600358136e+00 2.613705296116668020e+00 2.706242245399511415e+00 2.758986817997968188e+00 2.763402567609092308e+00 2.647206647431926019e+00
-2.287695248768027767e+00 2.193378961285126216e-01 5.675194181811495930e-01 6.972222810557204831e-01 6.971373911568656823e-01 7.031381727511143431e-01 7.881045542577966856e-01 9.873476341429219261e-01 1.188502101221881269e+00 1.380901009364314591e+00 1.745952940575349999e+00 2.042123043288799344e+00 2.261218913034130473e+00 2.438060920292022704e+00 2.579522946631196856e+00 2.695177066147506739e+00 2.787714015430350134e+00 2.840458588028806908e+00 2.844874337639931028e+00 2.728678417462764738e+00
-2.302222289573198744e+00 2.048108553233416451e-01 5.529923773759786165e-01 6.826952402505495066e-01 6.826103503516947058e-01 6.886111319459433666e-01 7.735775134526257091e-01 9.728205933377509496e-01 1.173975060416710292e+00 1.366373968559143615e+00 1.731425899770179022e+00 2.027596002483628368e+00 2.246691872228959497e+00 2.423533879486851728e+00 2.564995905826025879e+00 2.680650025342335763e+00 2.773186974625179158e+00 2.825931547223635931e+00 2.830347296834760051e+00 2.714151376657593762e+00
-2.226717115614071929e+00 2.803160292824684596e-01 6.284975513351054310e-01 7.582004142096763211e-01 7.581155243108215203e-01 7.641163059050701811e-01 8.490826874117525236e-01 1.048325767296877764e+00 1.249480234375837107e+00 1.441879142518270429e+00 1.806931073729305837e+00 2.103101176442755182e+00 2.322197046188086311e+00 2.499039053445978542e+00 2.640501079785152694e+00 2.756155199301462577e+00 2.848692148584305972e+00 2.901436721182762746e+00 2.905852470793886866e+00 2.789656550616720576e+00
-2.038688711350090887e+00 4.683444335464495012e-01 8.165259555990864726e-01 9.462288184736573626e-01 9.461439285748025618e-01 9.521447101690512227e-01 1.037111091675733565e+00 1.236354171560858806e+00 1.437508638639818148e+00 1.629907546782251471e+00 1.994959477993286878e+00 2.291129580706736224e+00 2.510225450452067797e+00 2.687067457709959584e+00 2.828529484049133735e+00 2.944183603565443619e+00 3.036720552848287014e+00 3.089465125446743787e+00 3.093880875057867907e+00 2.977684954880701618e+00
-1.746387708420055418e+00 7.606454364764849707e-01 1.108826958529121942e+00 1.238529821403692832e+00 1.238444931504838031e+00 1.244445713099086692e+00 1.329412094605769035e+00 1.528655174490894275e+00 1.729809641569853618e+00 1.922208549712286940e+00 2.287260480923322348e+00 2.583430583636771694e+00 2.802526453382102822e+00 2.979368460639995053e+00 3.120830486979169205e+00 3.236484606495479088e+00 3.329021555778322483e+00 3.381766128376779257e+00 3.386181877987903377e+00 3.269985957810737087e+00
-1.462099474438681046e+00 1.044933670457859343e+00 1.393115192510496314e+00 1.522818055385067204e+00 1.522733165486212403e+00 1.528733947080461064e+00 1.613700328587143407e+00 1.812943408472268647e+00 2.014097875551227990e+00 2.206496783693661534e+00 2.571548714904696720e+00 2.867718817618146065e+00 3.086814687363477638e+00 3.263656694621369425e+00 3.405118720960543577e+00 3.520772840476853460e+00 3.613309789759696855e+00 3.666054362358153629e+00 3.670470111969277749e+00 3.554274191792111459e+00
-1.172401457966596228e+00 1.334631686929944161e+00 1.682813208982581132e+00 1.812516071857152022e+00 1.812431181958297222e+00 1.818431963552545882e+00 1.903398345059228225e+00 2.102641424944353687e+00 2.303795892023313030e+00 2.496194800165746130e+00 2.861246731376781760e+00 3.157416834090231106e+00 3.376512703835562235e+00 3.553354711093454021e+00 3.694816737432628173e+00 3.810470856948938057e+00 3.903007806231781451e+00 3.955752378830238669e+00 3.960168128441362789e+00 3.843972208264196055e+00
-7.583033493239446088e-01 1.748729795572595780e+00 2.096911317625232751e+00 2.226614180499803641e+00 2.226529290600948841e+00 2.232530072195197501e+00 2.317496453701879844e+00 2.516739533587005084e+00 2.717894000665964427e+00 2.910292908808397527e+00 3.275344840019433157e+00 3.571514942732882503e+00 3.790610812478213631e+00 3.967452819736105862e+00 4.108914846075279570e+00 4.224568965591590342e+00 4.317105914874433736e+00 4.369850487472890066e+00 4.374266237084014186e+00 4.258070316906847452e+00
-4.327141611395286525e-01 2.074318983757011736e+00 2.422500505809648708e+00 2.552203368684219598e+00 2.552118478785364797e+00 2.558119260379613458e+00 2.643085641886295800e+00 2.842328721771421041e+00 3.043483188850380383e+00 3.235882096992813928e+00 3.600934028203849113e+00 3.897104130917298459e+00 4.116200000662630032e+00 4.293042007920521819e+00 4.434504034259695970e+00 4.550158153776005854e+00 4.642695103058849249e+00 4.695439675657306466e+00 4.699855425268429698e+00 4.583659505091263853e+00
-1.745381537509635983e-01 2.332494991145576790e+00 2.680676513198213762e+00 2.810379376072784652e+00 2.810294486173929851e+00 2.816295267768178512e+00 2.901261649274860854e+00 3.100504729159986095e+00 3.301659196238945437e+00 3.494058104381378982e+00 3.859110035592414167e+00 4.155280138305863957e+00 4.374376008051195086e+00 4.551218015309086873e+00 4.692680041648261025e+00 4.808334161164570908e+00 4.900871110447414303e+00 4.953615683045871521e+00 4.958031432656994753e+00 4.841835512479828907e+00
4.537509784822857384e-02 2.552408242744768962e+00 2.900589764797405934e+00 3.030292627671976824e+00 3.030207737773122023e+00 3.036208519367370684e+00 3.121174900874053026e+00 3.320417980759178267e+00 3.521572447838137609e+00 3.713971355980571154e+00 4.079023287191606784e+00 4.375193389905055241e+00 4.594289259650387258e+00 4.771131266908279045e+00 4.912593293247453197e+00 5.028247412763763080e+00 5.120784362046606475e+00 5.173528934645062805e+00 5.177944684256187813e+00 5.061748764079021079e+00
2.361067374403598151e-01 2.743139882336900204e+00 3.091321404389537175e+00 3.221024267264108065e+00 3.220939377365253264e+00 3.226940158959501925e+00 3.311906540466184268e+00 3.511149620351309508e+00 3.712304087430268851e+00 3.904702995572701951e+00 4.269754926783737581e+00 4.565925029497186927e+00 4.785020899242518055e+00 4.961862906500410730e+00 5.103324932839583994e+00 5.218979052355894765e+00 5.311516001638738160e+00 5.364260574237194490e+00 5.368676323848318610e+00 5.252480403671151876e+00
4.099920827089071906e-01 2.917025227605447579e+00 3.265206749658084551e+00 3.394909612532655441e+00 3.394824722633800640e+00 3.400825504228049301e+00 3.485791885734731643e+00 3.685034965619856884e+00 3.886189432698816226e+00 4.078588340841249327e+00 4.443640272052284956e+00 4.739810374765734302e+00 4.958906244511065431e+00 5.135748251768957218e+00 5.277210278108132258e+00 5.392864397624441253e+00 5.485401346907284648e+00 5.538145919505741865e+00 5.542561669116865986e+00 5.426365748939700140e+00
5.635651016622698073e-01 3.070598246558810196e+00 3.418779768611447167e+00 3.548482631486018057e+00 3.548397741587163257e+00 3.554398523181411917e+00 3.639364904688094260e+00 3.838607984573219500e+00 4.039762451652178399e+00 4.232161359794612387e+00 4.597213291005648017e+00 4.893383393719096475e+00 5.112479263464428492e+00 5.289321270722320278e+00 5.430783297061494430e+00 5.546437416577804314e+00 5.638974365860647708e+00 5.691718938459104038e+00 5.696134688070229046e+00 5.579938767893062312e+00
6.969968485094395483e-01 3.204029993405979937e+00 3.552211515458616908e+00 3.681914378333187798e+00 3.681829488434332998e+00 3.687830270028581658e+00 3.772796651535264001e+00 3.972039731420389241e+00 4.173194198499349028e+00 4.365593106641782128e+00 4.730645037852816870e+00 5.026815140566267104e+00 5.245911010311598233e+00 5.422753017569490019e+00 5.564215043908664171e+00 5.679869163424974055e+00 5.772406112707817449e+00 5.825150685306274667e+00 5.829566434917397899e+00 5.713370514740232053e+00
8.203832424139574364e-01 3.327416387310497825e+00 3.675597909363134796e+00 3.805300772237705687e+00 3.805215882338850886e+00 3.811216663933099547e+00 3.896183045439781889e+00 4.095426125324907574e+00 4.296580592403866916e+00 4.488979500546300017e+00 4.854031431757334758e+00 5.150201534470784992e+00 5.369297404216116121e+00 5.546139411474007908e+00 5.687601437813182059e+00 5.803255557329491943e+00 5.895792506612335337e+00 5.948537079210792555e+00 5.952952828821915787e+00 5.836756908644749942e+00
1.005170964137351408e+00 3.512204109033891797e+00 3.860385631086528768e+00 3.990088493961099658e+00 3.990003604062244857e+00 3.996004385656493518e+00 4.080970767163176305e+00 4.280213847048301545e+00 4.481368314127260888e+00 4.673767222269693988e+00 5.038819153480728730e+00 5.334989256194178964e+00 5.554085125939510093e+00 5.730927133197401879e+00 5.872389159536576031e+00 5.988043279052885914e+00 6.080580228335729309e+00 6.133324800934186527e+00 6.137740550545309759e+00 6.021544630368143913e+00
