-5.188658799435895475e+00 -2.685760163370088716e+00 -2.309165008045843681e+00 -2.135065928588322226e+00 -2.090430614908582285e+00 -2.103507814463983383e+00 -2.105731698172566446e+00 -1.999020019095382850e+00 -1.881750796258070846e+00 -1.801300496435173315e+00 -1.499555032213947481e+00 -1.231727147286011181e+00 -1.060960556287111389e+00 -9.295999013635731778e-01 -8.306625019893636441e-01 -7.720992678254778863e-01 -7.460980090898456929e-01 -7.721821312853758279e-01 -8.821458329550873056e-01 -1.368306984234820778e+00
-2.740857313465220990e+00 -2.379586773994142312e-01 1.386364779248308032e-01 3.127355573823522583e-01 3.573708710620921991e-01 3.442936715066911013e-01 3.420697877981080381e-01 4.487814668752916347e-01 5.660506897126036385e-01 6.465009895355011693e-01 9.482464537567270035e-01 1.216074338684663303e+00 1.386840929683563095e+00 1.518201584607101307e+00 1.617138983981310840e+00 1.675702218145196598e+00 1.701703476880828791e+00 1.675619354685298656e+00 1.565655653015587179e+00 1.079494501735853706e+00
-2.508726437768381334e+00 -5.827801702574575415e-03 3.707673536216704591e-01 5.448664330791919141e-01 5.895017467589318549e-01 5.764245472035307571e-01 5.742006634949476940e-01 6.809123425721312906e-01 7.981815654094432944e-01 8.786318652323408251e-01 1.180377329453566659e+00 1.448205214381502959e+00 1.618971805380402751e+00 1.750332460303940962e+00 1.849269859678150496e+00 1.907833093842036254e+00 1.933834352577668447e+00 1.907750230382138312e+00 1.797786528712426835e+00 1.311625377432693362e+00
-2.516160402505832394e+00 -1.326176644002563521e-02 3.633333888842193993e-01 5.374324683417408544e-01 5.820677820214807952e-01 5.689905824660796974e-01 5.667666987574966342e-01 6.734783778346802308e-01 7.907476006719922346e-01 8.711979004948897654e-01 1.172943364716115600e+00 1.440771249644051899e+00 1.611537840642951691e+00 1.742898495566489903e+00 1.841835894940699436e+00 1.900399129104585194e+00 1.926400387840217387e+00 1.900316265644687252e+00 1.790352563974975775e+00 1.304191412695242303e+00
-2.392007767666256779e+00 1.108908683995499800e-01 4.874860237237950145e-01 6.615851031813164695e-01 7.062204168610564103e-01 6.931432173056553125e-01 6.909193335970722494e-01 7.976310126742558460e-01 9.149002355115678498e-01 9.953505353344653805e-01 1.297095999555691215e+00 1.564923884483627514e+00 1.735690475482527306e+00 1.867051130406065518e+00 1.965988529780275051e+00 2.024551763944161031e+00 2.050553022679793003e+00 2.024468900484262868e+00 1.914505198814551390e+00 1.428344047534817918e+00
-2.049354900420246040e+00 4.535437356455607194e-01 8.301388909698057539e-01 1.004237970427327209e+00 1.048873284107067150e+00 1.035796084551666052e+00 1.033572200843082989e+00 1.140283879920266585e+00 1.257553102757578589e+00 1.338003402580476120e+00 1.639748866801701954e+00 1.907576751729638254e+00 2.078343342728538268e+00 2.209703997652076257e+00 2.308641397026285791e+00 2.367204631190171327e+00 2.393205889925803742e+00 2.367121767730273607e+00 2.257158066060561907e+00 1.770996914780828657e+00
-1.596454017648676338e+00 9.064446184171304211e-01 1.283039773741375456e+00 1.457138853198896911e+00 1.501774166878636851e+00 1.488696967323235754e+00 1.486473083614652690e+00 1.593184762691836287e+00 1.710453985529148291e+00 1.790904285352045822e+00 2.092649749573271656e+00 2.360477634501207955e+00 2.531244225500107525e+00 2.662604880423645959e+00 2.761542279797855493e+00 2.820105513961741472e+00 2.846106772697373444e+00 2.820022650501843309e+00 2.710058948832132053e+00 2.223897797552398359e+00
-1.095733295737238988e+00 1.407165340328567771e+00 1.783760495652812805e+00 1.957859575110334260e+00 2.002494888790073979e+00 1.989417689234673103e+00 1.987193805526090040e+00 2.093905484603273415e+00 2.211174707440585863e+00 2.291625007263482949e+00 2.593370471484709228e+00 2.861198356412645083e+00 3.031964947411545097e+00 3.163325602335083531e+00 3.262263001709293064e+00 3.320826235873178600e+00 3.346827494608811016e+00 3.320743372413280881e+00 3.210779670743569181e+00 2.724618519463835931e+00
-6.212155058756450021e-01 1.881683130190161757e+00 2.258278285514406569e+00 2.432377364971928024e+00 2.477012678651668409e+00 2.463935479096266867e+00 2.461711595387684248e+00 2.568423274464867845e+00 2.685692497302179405e+00 2.766142797125077379e+00 3.067888261346302770e+00 3.335716146274239513e+00 3.506482737273139083e+00 3.637843392196677073e+00 3.736780791570886606e+00 3.795344025734772586e+00 3.821345284470404557e+00 3.795261162274874422e+00 3.685297460605163167e+00 3.199136309325429472e+00
-1.391949126154710115e-01 2.363703723450335747e+00 2.740298878774580782e+00 2.914397958232102237e+00 2.959033271911842178e+00 2.945956072356441080e+00 2.943732188647858017e+00 3.050443867725041613e+00 3.167713090562353617e+00 3.248163390385251148e+00 3.549908854606476982e+00 3.817736739534413282e+00 3.988503330533313296e+00 4.119863985456850841e+00 4.218801384831060375e+00 4.277364618994946355e+00 4.303365877730579214e+00 4.277281755535048191e+00 4.167318053865336935e+00 3.681156902585603685e+00
3.612277244026844691e-01 2.864126360468491228e+00 3.240721515792736263e+00 3.414820595250257718e+00 3.459455908929997658e+00 3.446378709374596561e+00 3.444154825666013497e+00 3.550866504743197094e+00 3.668135727580509098e+00 3.748586027403406629e+00 4.050331491624632463e+00 4.318159376552568318e+00 4.488925967551468332e+00 4.620286622475006766e+00 4.719224021849216300e+00 4.777787256013102279e+00 4.803788514748734251e+00 4.777704392553204116e+00 4.667740690883492860e+00 4.181579539603759166e+00
7.784740096178479618e-01 3.281372645683654721e+00 3.657967801007899755e+00 3.832066880465421210e+00 3.876702194145161151e+00 3.863624994589760053e+00 3.861401110881176990e+00 3.968112789958360587e+00 4.085382012795673035e+00 4.165832312618570121e+00 4.467577776839796400e+00 4.735405661767732255e+00 4.906172252766632269e+00 5.037532907690170703e+00 5.136470307064380236e+00 5.195033541228265328e+00 5.221034799963897299e+00 5.194950677768368053e+00 5.084986976098655909e+00 4.598825824818922214e+00
1.131126742123623963e+00 3.634025378189430722e+00 4.010620533513675312e+00 4.184719612971196767e+00 4.229354926650937152e+00 4.216277727095535610e+00 4.214053843386952991e+00 4.320765522464136588e+00 4.438034745301449036e+00 4.518485045124346122e+00 4.820230509345572401e+00 5.088058394273508256e+00 5.258824985272408270e+00 5.390185640195946704e+00 5.489123039570156237e+00 5.547686273734041329e+00 5.573687532469673300e+00 5.547603410274144053e+00 5.437639708604431910e+00 4.951478557324698215e+00
1.460958432608188584e+00 3.963857068673995343e+00 4.340452223998240378e+00 4.514551303455761833e+00 4.559186617135502217e+00 4.546109417580100676e+00 4.543885533871517168e+00 4.650597212948701653e+00 4.767866435786013213e+00 4.848316735608911188e+00 5.150062199830136578e+00 5.417890084758072433e+00 5.588656675756972447e+00 5.720017330680510881e+00 5.818954730054720415e+00 5.877517964218606394e+00 5.903519222954238366e+00 5.877435100758708231e+00 5.767471399088996975e+00 5.281310247809263281e+00
1.774277983898829181e+00 4.277176619964635940e+00 4.653771775288880974e+00 4.827870854746402429e+00 4.872506168426141926e+00 4.859428968870741272e+00 4.857205085162158653e+00 4.963916764239341362e+00 5.081185987076653809e+00 5.161636286899550896e+00 5.463381751120777174e+00 5.731209636048713918e+00 5.901976227047613044e+00 6.033336881971151477e+00 6.132274281345361011e+00 6.190837515509246991e+00 6.216838774244878962e+00 6.190754652049348827e+00 6.080790950379637572e+00 5.594629799099903877e+00
2.075432625624727745e+00 4.578331261690534504e+00 4.954926417014779538e+00 5.129025496472300993e+00 5.173660810152041378e+00 5.160583610596639836e+00 5.158359726888056329e+00 5.265071405965240814e+00 5.382340628802552374e+00 5.462790928625450348e+00 5.764536392846675739e+00 6.032364277774611594e+00 6.203130868773511608e+00 6.334491523697050042e+00 6.433428923071259575e+00 6.491992157235145555e+00 6.517993415970777527e+00 6.491909293775247392e+00 6.381945592105536136e+00 5.895784440825802442e+00
2.396520612022590146e+00 4.899419248088396905e+00 5.276014403412641940e+00 5.450113482870163395e+00 5.494748796549902892e+00 5.481671596994502238e+00 5.479447713285919619e+00 5.586159392363102327e+00 5.703428615200414775e+00 5.783878915023311862e+00 6.085624379244538140e+00 6.353452264172474884e+00 6.524218855171374010e+00 6.655579510094912443e+00 6.754516909469121977e+00 6.813080143633007957e+00 6.839081402368639928e+00 6.812997280173109793e+00 6.703033578503398537e+00 6.216872427223664843e+00
2.727817373743012919e+00 5.230716009808819678e+00 5.607311165133064712e+00 5.781410244590586167e+00 5.826045558270326552e+00 5.812968358714925010e+00 5.810744475006341503e+00 5.917456154083525988e+00 6.034725376920837547e+00 6.115175676743735522e+00 6.416921140964960912e+00 6.684749025892896768e+00 6.855515616891796782e+00 6.986876271815335215e+00 7.085813671189544749e+00 7.144376905353430729e+00 7.170378164089062700e+00 7.144294041893532565e+00 7.034330340223821310e+00 6.548169188944087615e+00
3.137109892192396554e+00 5.640008528258203313e+00 6.016603683582448348e+00 6.190702763039969803e+00 6.235338076719710187e+00 6.222260877164308646e+00 6.220036993455725138e+00 6.326748672532909623e+00 6.444017895370221183e+00 6.524468195193119158e+00 6.826213659414344548e+00 7.094041544342280403e+00 7.264808135341180417e+00 7.396168790264718851e+00 7.495106189638928385e+00 7.553669423802814364e+00 7.579670682538446336e+00 7.553586560342916201e+00 7.443622858673204945e+00 6.957461707393471251e+00
3.970123933445069309e+00 6.473022569510876068e+00 6.849617724835121102e+00 7.023716804292642557e+00 7.068352117972382942e+00 7.055274918416981400e+00 7.053051034708397893e+00 7.159762713785582378e+00 7.277031936622893937e+00 7.357482236445791912e+00 7.659227700667017302e+00 7.927055585594953158e+00 8.097822176593853172e+00 8.229182831517391605e+00 8.328120230891601139e+00 8.386683465055487119e+00 8.412684723791119978e+00 8.386600601595588955e+00 8.276636899925877700e+00 7.790475748646144005e+00
