-5.360771753570308107e+00
-2.798519848684794198e+00
-2.287006265514619940e+00
-1.967579233347986900e+00
-1.735923647869212161e+00
-1.552906769310993695e+00
-1.403884015280480568e+00
-1.280053340972671094e+00
-1.173301094611488793e+00
-1.079799234740551839e+00
-9.964637630390225098e-01
-9.217905276018125704e-01
-8.537530708381826372e-01
-7.928705743013715335e-01
-7.351948657197020509e-01
-6.859487019909984440e-01
-6.385620474186897155e-01
-5.927229991435769563e-01
-5.522976469718159365e-01
-5.162002074129059537e-01
-4.794392367187736426e-01
-4.466919048954522964e-01
-4.173520721166230629e-01
-3.886194520286956333e-01
-3.598729826520052910e-01
-3.401331962960387756e-01
-3.115661425986857580e-01
-2.904613645337015271e-01
-2.669625828605326490e-01
-2.509225386366917832e-01
-2.305819231682910697e-01
-2.164551283345712562e-01
-1.989354108219618666e-01
-1.820969701727594980e-01
-1.698937736236523222e-01
-1.548241372144421035e-01
-1.454773858468669800e-01
-1.333211073582312167e-01
-1.249730320048083598e-01
-1.148275614307383563e-01
-1.081498849056448108e-01
-1.010848617473012467e-01
-9.618061426344226561e-02
-9.062169405012454604e-02
-8.931136157507246764e-02
-8.471259646625206585e-02
-8.691330200499791658e-02
-8.507617235511943932e-02
-8.513031064753384669e-02
-8.800894942419112965e-02
-8.889539059460460635e-02
-9.303198861021400035e-02
-9.561635302421400695e-02
-1.013322023613199008e-01
-1.032023991249797490e-01
-1.039293868181392355e-01
-1.096338980545468189e-01
-1.122453919897008490e-01
-1.168225745612598843e-01
-1.196731780358391006e-01
-1.214516198024941929e-01
-1.237776634966003542e-01
-1.244526739123692494e-01
-1.267995741676131161e-01
-1.255636819226086942e-01
-1.225231286732153535e-01
-1.213434733945266686e-01
-1.188173543654880149e-01
-1.118557966275464111e-01
-1.073843610373135249e-01
-1.039009246571573897e-01
-9.449453625275872071e-02
-8.635151020261311317e-02
-7.445302539795939367e-02
-6.808944597713129099e-02
-5.689756110738208861e-02
-4.158229489234877008e-02
-3.295822969438866323e-02
-1.857793545872254981e-02
9.478174581403209231e-04
1.563528065473995809e-02
3.085863613339334677e-02
4.498415306933623015e-02
6.529895054161549695e-02
8.224495540333975896e-02
1.050471144807083590e-01
1.235578356582944792e-01
1.481434959820262520e-01
1.709756395159978126e-01
1.891591960492959856e-01
2.097053030278388519e-01
2.345770868349639215e-01
2.562650080690236365e-01
2.809399395143632461e-01
3.048532177672811372e-01
3.324093434659989299e-01
3.570479458261139882e-01
3.818369900040288201e-01
4.047253817731650827e-01
4.336891594209220102e-01
4.605361663875928713e-01
4.913498472653330396e-01
5.159192761697486418e-01
5.438165194343493880e-01
5.742587911199255046e-01
5.995111285986780558e-01
6.278089792518102286e-01
6.579222943514597688e-01
6.880821348515961944e-01
7.179361135784532166e-01
7.466012565089048536e-01
7.725823535218285798e-01
8.059363903574006116e-01
8.346331345051858364e-01
8.665887028780971946e-01
8.965242249413503117e-01
9.226689241023517951e-01
9.527854796389192416e-01
9.791072277766925680e-01
1.014867293130388148e+00
1.038369163760973990e+00
1.066355035478956381e+00
1.095228546302708494e+00
1.129816211800319437e+00
1.162130698717021460e+00
1.194251785849344216e+00
1.223688698541431918e+00
1.252050590717733058e+00
1.286675772502958282e+00
1.312574434170782567e+00
1.348151151341850706e+00
1.380818852797665031e+00
1.410293740367819737e+00
1.446075654427270152e+00
1.474649415559490251e+00
1.508050542434483887e+00
1.535141236281587496e+00
1.572415971084121011e+00
1.599404208297851682e+00
1.631683521381420476e+00
1.664639109745579049e+00
1.695603714009052965e+00
1.730369320069025108e+00
1.753624365378286143e+00
1.783866490375560332e+00
1.814883733372681718e+00
1.842937534797636445e+00
1.880224917220782999e+00
1.906993125735818140e+00
1.935693048160505469e+00
1.957577953922994496e+00
1.986975594259913436e+00
2.019259866246880364e+00
2.049641583030844316e+00
2.074485422500650600e+00
2.105565072282095329e+00
2.144915798727344836e+00
2.165059058008852233e+00
2.190667176790059401e+00
2.219076334244137527e+00
2.252973211389033281e+00
2.274928968372648797e+00
2.321521148503617127e+00
2.338506832696459981e+00
2.360481859844860253e+00
2.390232078638630853e+00
2.432070546142936607e+00
2.454632722624525698e+00
2.472262711809086966e+00
2.507914576994872746e+00
2.528258156618210961e+00
2.560292847430842400e+00
2.592065272299524992e+00
2.614042304307123032e+00
2.636924868086291340e+00
2.670967399183775015e+00
2.704634986959122855e+00
2.740943187141079207e+00
2.754943218624484658e+00
2.789385849526679451e+00
2.821336782032457080e+00
2.843110581582017460e+00
2.870408152845524086e+00
2.899427373337092106e+00
2.934409443529261807e+00
2.976507728691945687e+00
2.996406184791693406e+00
3.026777653889629605e+00
3.058548769456526983e+00
3.078244695128454111e+00
3.102919017154928127e+00
3.145967820508241530e+00
3.156345898554661744e+00
3.198299503142710165e+00
3.226483638400811316e+00
3.252868124763010016e+00
3.283667009501451517e+00
3.307764561080512422e+00
3.341281369983718719e+00
3.374545201191056165e+00
3.395487398896570141e+00
3.423701338476313083e+00
3.446635276234376377e+00
3.484212924888323570e+00
3.486342558503292111e+00
3.540822491294077778e+00
3.555748141510752802e+00
3.590015786818968380e+00
3.607095752728387339e+00
3.624630448566168894e+00
3.660977619183755749e+00
3.690565084517272609e+00
3.695215272563022069e+00
3.709297007280385472e+00
3.753850349413498932e+00
3.783305814075792028e+00
3.794941970502591744e+00
3.820451864542025788e+00
3.845545575715554776e+00
3.859830115797759476e+00
3.889129185562293145e+00
3.911812501269912090e+00
3.931796159474455266e+00
3.965423782155260923e+00
3.971661271747876754e+00
3.990610631895116001e+00
4.001026796579317590e+00
4.036512690994968011e+00
4.069970357185813015e+00
4.083623293599597304e+00
4.122873999704538051e+00
4.138329448150864565e+00
4.153223340489597959e+00
4.175577451565144926e+00
4.226157132117229764e+00
4.227887984994172399e+00
4.245069537533812110e+00
4.264346528291142135e+00
4.277913212102959051e+00
4.303896686332771893e+00
4.334259550062888877e+00
4.353224378121861804e+00
4.369058454607998243e+00
4.371055459764935591e+00
4.409603402444115972e+00
4.434850185178900617e+00
4.435205361883042485e+00
4.473588060371737285e+00
4.512351144772042133e+00
4.529184279010168623e+00
4.523153718957699354e+00
4.574079598918059375e+00
4.555077612177059976e+00
4.577555018955118626e+00
4.606223371972749447e+00
4.637693377693651087e+00
4.650387791981383856e+00
4.661462102280477637e+00
4.715220042009303114e+00
4.712872623090998303e+00
4.729183113500591062e+00
4.725139821037760868e+00
4.780526582244037925e+00
4.777020442914750475e+00
4.801057020742991455e+00
4.795439028438767792e+00
4.839960242688624348e+00
4.858772944787009607e+00
4.873531343295594453e+00
4.946327062631210580e+00
4.938657408515872760e+00
4.943370230199006343e+00
4.956147108812185564e+00
4.992071824331624441e+00
5.006433607242556150e+00
4.976996934947425899e+00
5.049813902872781313e+00
5.085585726282955576e+00
5.076437771584952685e+00
5.090362262147109185e+00
5.110048617133408300e+00
5.147721871086623935e+00
5.176752019175154373e+00
5.187246868124625543e+00
5.168582645853923019e+00
5.197853028154036714e+00
5.239055902511308815e+00
5.256266653527418953e+00
5.256670449212291096e+00
5.282858525169702446e+00
5.277895735827573098e+00
5.310176887165754422e+00
5.329970992981412081e+00
5.357732194144907645e+00
5.364007427646305004e+00
5.415206065400721691e+00
5.440608821233150927e+00
5.430946910321414300e+00
5.443038956086443392e+00
5.494460316043740633e+00
5.481228570834121072e+00
5.572200349039847289e+00
5.515688138776504879e+00
5.527267215515268894e+00
5.591205951851751621e+00
5.590641776942570473e+00
5.590641776942570473e+00
5.626821433520072802e+00
5.645712195989626814e+00
5.675962536454292717e+00
5.700209916480061700e+00
5.696441067797833213e+00
5.737393687359094052e+00
5.732181949177898694e+00
5.784193671266078418e+00
5.834011056892040692e+00
5.767900031779977787e+00
5.818307664963590753e+00
5.847774403454463865e+00
5.841956205223476140e+00
5.841956205223476140e+00
5.916454726103115291e+00
5.961190619944506608e+00
5.952243833954700136e+00
5.978496367042099635e+00
6.027910167028437627e+00
5.980160260936794536e+00
6.052668283947577166e+00
6.068004624230316502e+00
6.095656155560826406e+00
6.081734817042217855e+00
6.113572712139826670e+00
6.164315304368224169e+00
6.110722353915470251e+00
6.138622191444269127e+00
6.182497623451414626e+00
6.226254603808515142e+00
6.275364307843264378e+00
6.233737268331187131e+00
6.285482438008848760e+00
6.447004855216884600e+00
6.287744882412818370e+00
6.334103125014922675e+00
6.409215342471466847e+00
6.400303762170904243e+00
6.385209135948418435e+00
6.471199583803941557e+00
6.443028706837244712e+00
6.583386064532168014e+00
6.565286022888549233e+00
6.540192455290893214e+00
6.569780412476388776e+00
6.547507776867266038e+00
6.608040626096108205e+00
6.723680873360767585e+00
6.606481779326816905e+00
6.773960763082842895e+00
6.800081651158478735e+00
6.792548658850933840e+00
6.761151804790261899e+00
6.811488618951854868e+00
6.840588635438296095e+00
6.911974694524845475e+00
6.866512320448087792e+00
6.998025548916372962e+00
6.955177957533743793e+00
7.050046733667251431e+00
7.042791562786080206e+00
7.123035093836132425e+00
7.227525665985417902e+00
7.112645389986996136e+00
7.184966051566622269e+00
7.224631307959053395e+00
7.296518537472369559e+00
7.340970300043204055e+00
7.287244900687040783e+00
7.432715413683032679e+00
7.510388452001250492e+00
7.561681746388800640e+00
7.502725579255681509e+00
7.537680594289257741e+00
7.598799409345303069e+00
7.700432054889115641e+00
7.700432054889115641e+00
7.971203655192579340e+00
7.912014783802248985e+00
7.929406526514117814e+00
8.219039819097162081e+00
8.203535632561195001e+00
8.326137954653528794e+00
8.370589717224362403e+00
8.517193191416236431e+00
8.652229475220179822e+00
8.943935697971685528e+00
8.927935356625244623e+00
9.119826364435350996e+00
9.775233217012448961e+00
1.036301988191456758e+01
1.099162854133694189e+01
1.237792290245683269e+01
