-5.346066193195499139e+00
-2.794831852360500690e+00
-2.281771634980595209e+00
-1.959908519808040595e+00
-1.725976147503820002e+00
-1.542421405978256388e+00
-1.392506204082476273e+00
-1.267715494167889645e+00
-1.159071914174440110e+00
-1.063510016415909476e+00
-9.793340180578322673e-01
-9.026203041507763203e-01
-8.346426578579819733e-01
-7.725822828642403550e-01
-7.153253001710879744e-01
-6.645625037041700267e-01
-6.166992783337601480e-01
-5.686784631033994231e-01
-5.281046542437231039e-01
-4.909820356309282374e-01
-4.512134892112964479e-01
-4.177687152029250228e-01
-3.869001146272026403e-01
-3.580445937753129471e-01
-3.292529629500169364e-01
-3.041452198522431871e-01
-2.788751699880833712e-01
-2.549413072489752352e-01
-2.340634760245272616e-01
-2.118727443101438013e-01
-1.928095027645344572e-01
-1.742458990151956044e-01
-1.574862869697017942e-01
-1.405043776992780380e-01
-1.253901068151375142e-01
-1.089957824145155740e-01
-9.512192679172137844e-02
-8.439521271619732090e-02
-7.195944723877367721e-02
-6.230072502086336783e-02
-5.294733746848301337e-02
-4.314062207174451657e-02
-3.813641510732779238e-02
-3.020736401009749272e-02
-2.434362774241627392e-02
-1.701211691057658015e-02
-9.248861817798825768e-03
-1.016230605519297114e-02
-6.414676020861875827e-03
-7.181212086756261215e-03
-5.649891614186941524e-03
-4.779149883882283234e-03
-4.491076472353583426e-03
-2.491012497641165169e-03
-8.637879983663054873e-03
-9.092653893077340399e-03
-1.161231532816664469e-02
-1.666044089310858567e-02
-2.071800982049509798e-02
-2.345914055518960595e-02
-2.380154138581147549e-02
-2.928006551115025502e-02
-3.380562550628596341e-02
-3.436277862751069279e-02
-3.700559189944918614e-02
-3.872058811159995173e-02
-3.820888921485199319e-02
-4.015240568979905333e-02
-3.990825954451260316e-02
-4.166794248770777642e-02
-3.872511525180577507e-02
-3.100150747230934201e-02
-3.290898080878612575e-02
-3.038541652692927642e-02
-2.509654821403550784e-02
-1.875017054362970725e-02
-1.660027339603509233e-02
-5.614795726367916018e-03
9.581058957266463949e-04
9.038370345001212058e-03
1.934833050459516812e-02
3.089835786922812133e-02
4.155265354342141393e-02
5.149145643521180205e-02
6.393760368541734351e-02
7.607334114073438514e-02
9.117146200675563250e-02
1.068858614129251094e-01
1.199262129740326088e-01
1.344837787733776935e-01
1.501254585776372608e-01
1.675530326464222952e-01
1.833121649312783319e-01
2.037043118346932857e-01
2.174919049379635538e-01
2.410679435986171626e-01
2.572662227697524173e-01
2.769415277883666704e-01
2.936291329775198022e-01
3.189874029077586215e-01
3.415462642250073344e-01
3.612197095399132252e-01
3.857524502570370828e-01
4.066952762194837590e-01
4.288734281083712574e-01
4.521979194917093992e-01
4.714013114309256736e-01
4.969111163902582007e-01
5.225569121319519894e-01
5.440255960482485165e-01
5.677570737448078830e-01
5.891645549332018561e-01
6.183453315474007894e-01
6.440388597247999058e-01
6.660814892493913675e-01
6.932365963221212013e-01
7.159125925713674121e-01
7.421496025485918580e-01
7.611539837502263595e-01
7.849632366365799641e-01
8.136598205518996707e-01
8.395639229612790189e-01
8.670468891198108707e-01
8.884352641208383972e-01
9.147331220490038106e-01
9.381334387182267420e-01
9.674911513177502087e-01
9.961236576318874825e-01
1.023266931131038504e+00
1.045026917214942230e+00
1.068701749321297356e+00
1.099082987664797173e+00
1.125400860954080429e+00
1.152176891174320872e+00
1.183217151871543749e+00
1.211791526319439427e+00
1.241931255643459409e+00
1.271043155292431948e+00
1.297826789993811403e+00
1.323710690634877452e+00
1.353346675994998805e+00
1.377225023935334747e+00
1.410307439939758822e+00
1.431272037360146854e+00
1.462977229185028705e+00
1.484818169690404588e+00
1.510924312912237610e+00
1.540065505136839263e+00
1.565162124425164336e+00
1.595244992472320433e+00
1.615905843298579114e+00
1.649206540371157104e+00
1.670962939493698229e+00
1.696496349354559285e+00
1.714628507888658504e+00
1.743762897180491933e+00
1.768723321074505250e+00
1.796334625193466650e+00
1.817330702987101532e+00
1.841013976482170023e+00
1.873372821482973904e+00
1.900120560545181192e+00
1.930989082727139206e+00
1.953121974216871948e+00
1.976163192226334075e+00
1.998722863430874241e+00
2.023866603097584260e+00
2.047085968727396121e+00
2.072538364704396230e+00
2.094251851356977667e+00
2.125670283212537370e+00
2.153293257077363521e+00
2.173622947025112495e+00
2.201750096184403205e+00
2.221276218921813594e+00
2.250327557753807994e+00
2.276252505954584393e+00
2.297211322303857273e+00
2.320174171996905343e+00
2.361386378099618710e+00
2.383386912249298106e+00
2.401560806194403597e+00
2.426522321022245521e+00
2.445043609034616594e+00
2.480080666541894630e+00
2.515487150256058513e+00
2.535749271749816458e+00
2.558525329899891787e+00
2.586197028330449399e+00
2.605217583771086254e+00
2.642758287365538195e+00
2.651758829701611475e+00
2.675082026063478224e+00
2.703905859584915916e+00
2.741619150895218127e+00
2.767725273883055337e+00
2.800281595821241254e+00
2.831255262350053314e+00
2.861160246107166572e+00
2.896238344477666260e+00
2.912559627622657743e+00
2.938396097736859502e+00
2.964233606494619977e+00
2.992302866580319076e+00
3.019253807418923685e+00
3.040631194908941737e+00
3.058158517317053793e+00
3.090275688574051216e+00
3.111552530838375574e+00
3.138597850754335283e+00
3.153749241379074419e+00
3.190059731261932541e+00
3.204392974197828536e+00
3.225249031852719384e+00
3.249274391377783289e+00
3.266522525394377041e+00
3.275446176356593853e+00
3.320387547490925684e+00
3.330925328676823227e+00
3.346107772991317120e+00
3.379666145465357374e+00
3.389036333752942554e+00
3.418331572404060381e+00
3.444301389760600074e+00
3.453110062876568520e+00
3.491070603837712838e+00
3.515618428084257729e+00
3.514827288802488070e+00
3.544035816296169372e+00
3.567265855942164166e+00
3.578159209850047873e+00
3.609655180813971853e+00
3.614623593736551399e+00
3.634569537838270747e+00
3.649839752817424454e+00
3.664887230210490898e+00
3.700428238283777205e+00
3.732057162326649191e+00
3.736193061870698884e+00
3.770523443154445431e+00
3.774309194849340798e+00
3.794396844821106285e+00
3.791264010178602817e+00
3.819604703609860152e+00
3.843594999329965844e+00
3.871445746735613369e+00
3.866937172822465740e+00
3.886814026894976237e+00
3.913435767612734040e+00
3.925525520175845884e+00
3.940785654095835255e+00
3.983582192297360436e+00
3.984846734701577020e+00
4.025389338502639802e+00
4.025521116851647818e+00
4.036786228360824680e+00
4.047910111745126827e+00
4.078008142902406874e+00
4.097077705622757193e+00
4.118540827424983064e+00
4.125361839285876187e+00
4.171403490501958800e+00
4.187544029970712955e+00
4.183368658560231879e+00
4.192203870648761210e+00
4.222712836125054991e+00
4.236775946742625365e+00
4.245276897070068500e+00
4.258498044867391030e+00
4.287187153866243605e+00
4.305850214998169889e+00
4.327895019192126824e+00
4.353359149011554408e+00
4.341720537911875510e+00
4.361071269497893255e+00
4.399974982209879926e+00
4.401701270161360924e+00
4.439855169188314576e+00
4.443651756823898680e+00
4.477864012246060454e+00
4.445254642360429997e+00
4.495419322028970655e+00
4.504101218806537688e+00
4.516943861072171273e+00
4.560534297147032845e+00
4.577326159816918150e+00
4.593009138078878451e+00
4.603524482078400482e+00
4.621538716549988379e+00
4.628499023060829387e+00
4.637936479676129764e+00
4.607054312781924565e+00
4.660807266293486961e+00
4.700645085240271470e+00
4.734073648557819425e+00
4.727670211522612576e+00
4.750536036259616068e+00
4.750808182131482482e+00
4.782047764628774900e+00
4.786268961272400091e+00
4.786268961272400091e+00
4.830080002112381976e+00
4.825376877628990258e+00
4.851823226529806021e+00
4.844024746695225758e+00
4.880536255854591943e+00
4.899936113328276832e+00
4.880846189221399456e+00
4.900884430137136150e+00
4.965212136474727700e+00
4.952810435713145054e+00
4.944847553558251008e+00
4.980848077052438150e+00
5.027482293566801985e+00
5.043401587784293483e+00
5.047421326432847799e+00
5.075644514230513771e+00
5.088533244583146598e+00
5.064780949814980282e+00
5.125056340518359121e+00
5.115603729764742091e+00
5.169148416731815132e+00
5.182890044584111067e+00
5.166670100717348113e+00
5.162142412389862933e+00
5.195123903135075771e+00
5.249639253474020606e+00
5.246059831307798405e+00
5.324057586510968498e+00
5.270931111041757156e+00
5.323574844527179550e+00
5.289415925715860389e+00
5.364457169052580632e+00
5.374563369267427504e+00
5.348496730502931840e+00
5.368487401208001941e+00
5.446680902672477842e+00
5.432050460185108953e+00
5.445044687417882834e+00
5.442323597303522220e+00
5.520285138773233236e+00
5.480544810123719301e+00
5.532700314497937200e+00
5.558613183493537946e+00
5.558613183493537946e+00
5.563509154105744869e+00
5.561058172486604612e+00
5.597199177488728417e+00
5.646624060816251678e+00
5.719194753651087204e+00
5.656001222628848524e+00
5.683288045187842918e+00
5.720629474126747382e+00
5.689531561827528172e+00
5.781298964142853158e+00
5.829745937780975495e+00
5.829745937780975495e+00
5.824157100878409210e+00
5.865609601981797816e+00
5.878976551215771451e+00
5.919308057690597202e+00
5.928103189143424601e+00
5.938760483617413044e+00
5.976054482648418542e+00
5.955870311183873334e+00
6.032286541628236520e+00
6.063150116283840596e+00
6.089791036108427313e+00
6.068218550854299842e+00
6.108659520412810018e+00
6.215785261595205391e+00
6.198271679102497878e+00
6.239624292771257963e+00
6.270245178727586577e+00
6.330481194469104622e+00
6.306981418553205820e+00
6.333126698657528308e+00
6.361335419292037940e+00
6.460057407250698880e+00
6.485953751554278668e+00
6.467604612886082016e+00
6.596816344366088103e+00
6.593374000175114880e+00
6.692643899365190663e+00
6.657225472161647950e+00
6.741244328214824222e+00
6.843952322423518808e+00
6.889106719904063425e+00
6.907755278982135927e+00
7.059947094324061645e+00
7.093376390973256562e+00
7.210451461998300005e+00
7.179100932114224065e+00
7.335826941719214567e+00
7.399162816891025507e+00
7.697154259001667498e+00
8.054569669468122584e+00
8.427244954753296824e+00
9.175654813988291636e+00
1.088040290622671691e+01
