-5.250782213576734136e+00 -2.772791014705004997e+00 -2.483777019774306094e+00 -2.449426883899918472e+00 -2.436434199458218153e+00 -2.262706952085629108e+00 -1.967163015030887863e+00 -1.589037448777145922e+00 -1.223082335488297367e+00 -8.499895985092587036e-01 -3.962767949144203605e-01 -3.858217653694362426e-02 2.601343863062535178e-01 5.212465981521692271e-01 7.629351473013721296e-01 9.882902734204219719e-01 1.204172429714202686e+00 1.418317999730104528e+00 1.663579133237972574e+00 2.116066267823849767e+00
-2.763672764344065058e+00 -2.856815654723354747e-01 3.332429458363428409e-03 3.768256533275105014e-02 5.067524977445136969e-02 2.244024971470404139e-01 5.199464342017816598e-01 8.980720004555236002e-01 1.264027113744372155e+00 1.637119850723410819e+00 2.090832654318249162e+00 2.448527272695725898e+00 2.747243835538923040e+00 3.008356047384838750e+00 3.250044596534041652e+00 3.475399722653091494e+00 3.691281878946872208e+00 3.905427448962774051e+00 4.150688582470642096e+00 4.603175717056519289e+00
-2.458169364778100441e+00 1.982183409362914261e-02 3.088358290243280457e-01 3.431859648987156675e-01 3.561786493404159870e-01 5.299058967130050313e-01 8.254498337677462771e-01 1.203575400021488218e+00 1.569530513310336772e+00 1.942623250289375436e+00 2.396336053884213779e+00 2.754030672261690516e+00 3.052747235104887658e+00 3.313859446950803367e+00 3.555547996100006269e+00 3.780903122219056112e+00 3.996785278512836825e+00 4.210930848528738224e+00 4.456191982036607158e+00 4.908679116622483463e+00
-2.402616322092313794e+00 7.537487677941578923e-02 3.643888717101146923e-01 3.987390075845023141e-01 4.117316920262026336e-01 5.854589393987916779e-01 8.810028764535329238e-01 1.259128442707274864e+00 1.625083555996123419e+00 1.998176292975162083e+00 2.451889096570000426e+00 2.809583714947477162e+00 3.108300277790674304e+00 3.369412489636590013e+00 3.611101038785792916e+00 3.836456164904842758e+00 4.052338321198623916e+00 4.266483891214525315e+00 4.511745024722393360e+00 4.964232159308270553e+00
-2.407716342879672400e+00 7.027485599205718358e-02 3.592888509227560867e-01 3.936389867971437084e-01 4.066316712388440280e-01 5.803589186114330722e-01 8.759028556661743181e-01 1.254028421919916259e+00 1.619983535208764813e+00 1.993076272187803477e+00 2.446789075782641820e+00 2.804483694160118556e+00 3.103200257003315699e+00 3.364312468849231408e+00 3.606001017998434310e+00 3.831356144117484153e+00 4.047238300411264866e+00 4.261383870427167153e+00 4.506645003935034310e+00 4.959132138520912392e+00
-2.284532652321872082e+00 1.934585465498575019e-01 4.824725414805564050e-01 5.168226773549440267e-01 5.298153617966443463e-01 7.035426091692333905e-01 9.990865462239746364e-01 1.377212112477716577e+00 1.743167225766565132e+00 2.116259962745603573e+00 2.569972766340442138e+00 2.927667384717918875e+00 3.226383947561116017e+00 3.487496159407031726e+00 3.729184708556234629e+00 3.954539834675284471e+00 4.170421990969065185e+00 4.384567560984967471e+00 4.629828694492834629e+00 5.082315829078712710e+00
-2.043952076782346694e+00 4.340391220893828894e-01 7.230531170200817925e-01 7.574032528944694143e-01 7.703959373361697338e-01 9.441231847087587781e-01 1.239667121763500024e+00 1.617792688017241964e+00 1.983747801306090519e+00 2.356840538285129405e+00 2.810553341879967526e+00 3.168247960257444262e+00 3.466964523100641404e+00 3.728076734946557114e+00 3.969765284095760016e+00 4.195120410214809858e+00 4.411002566508591016e+00 4.625148136524492415e+00 4.870409270032360460e+00 5.322896404618237653e+00
-1.707859890308232931e+00 7.701313085634966527e-01 1.059145303494195556e+00 1.093495439368583177e+00 1.106488123810283497e+00 1.280215371182872541e+00 1.575759308237613787e+00 1.953884874491355728e+00 2.319839987780204282e+00 2.692932724759242724e+00 3.146645528354081289e+00 3.504340146731558026e+00 3.803056709574755168e+00 4.064168921420670877e+00 4.305857470569874224e+00 4.531212596688924066e+00 4.747094752982704335e+00 4.961240322998605734e+00 5.206501456506474668e+00 5.658988591092350973e+00
-1.381912727011429087e+00 1.096078471860300496e+00 1.385092466790999399e+00 1.419442602665387021e+00 1.432435287107087341e+00 1.606162534479676385e+00 1.901706471534417631e+00 2.279832037788159571e+00 2.645787151077008126e+00 3.018879888056046568e+00 3.472592691650885133e+00 3.830287310028361869e+00 4.129003872871559011e+00 4.390116084717474720e+00 4.631804633866677179e+00 4.857159759985727021e+00 5.073041916279508179e+00 5.287187486295410466e+00 5.532448619803277623e+00 5.984935754389155704e+00
-1.050008578763180545e+00 1.427982620108549039e+00 1.716996615039247942e+00 1.751346750913635564e+00 1.764339435355335883e+00 1.938066682727924928e+00 2.233610619782666173e+00 2.611736186036408114e+00 2.977691299325256669e+00 3.350784036304295554e+00 3.804496839899133676e+00 4.162191458276610412e+00 4.460908021119807998e+00 4.722020232965723707e+00 4.963708782114926166e+00 5.189063908233976008e+00 5.404946064527756278e+00 5.619091634543658564e+00 5.864352768051526610e+00 6.316839902637403803e+00
-6.157078865538010426e-01 1.862283312317928541e+00 2.151297307248627444e+00 2.185647443123015066e+00 2.198640127564715385e+00 2.372367374937304429e+00 2.667911311992045675e+00 3.046036878245787616e+00 3.411991991534636171e+00 3.785084728513674612e+00 4.238797532108513622e+00 4.596492150485989470e+00 4.895208713329187056e+00 5.156320925175102765e+00 5.398009474324306112e+00 5.623364600443355954e+00 5.839246756737136224e+00 6.053392326753037622e+00 6.298653460260906556e+00 6.751140594846782861e+00
-2.731248045603669183e-01 2.204866394311362665e+00 2.493880389242061568e+00 2.528230525116449190e+00 2.541223209558149509e+00 2.714950456930738554e+00 3.010494393985479800e+00 3.388619960239221740e+00 3.754575073528070295e+00 4.127667810507109181e+00 4.581380614101947302e+00 4.939075232479424038e+00 5.237791795322621624e+00 5.498904007168537333e+00 5.740592556317739792e+00 5.965947682436789634e+00 6.181829838730569904e+00 6.395975408746472191e+00 6.641236542254340236e+00 7.093723676840217429e+00
6.279584537537630240e-03 2.484270783409267214e+00 2.773284778339966117e+00 2.807634914214353739e+00 2.820627598656054058e+00 2.994354846028643102e+00 3.289898783083384348e+00 3.668024349337126289e+00 4.033979462625975287e+00 4.407072199605013729e+00 4.860785003199851850e+00 5.218479621577328587e+00 5.517196184420525285e+00 5.778308396266440994e+00 6.019996945415644340e+00 6.245352071534694183e+00 6.461234227828475341e+00 6.675379797844376739e+00 6.920640931352244785e+00 7.373128065938121978e+00
2.452895683718891995e-01 2.723280767243618783e+00 3.012294762174317686e+00 3.046644898048705308e+00 3.059637582490405627e+00 3.233364829862994672e+00 3.528908766917735917e+00 3.907034333171477858e+00 4.272989446460326413e+00 4.646082183439364854e+00 5.099794987034202975e+00 5.457489605411680600e+00 5.756206168254877298e+00 6.017318380100793007e+00 6.259006929249995466e+00 6.484362055369045308e+00 6.700244211662826466e+00 6.914389781678728752e+00 7.159650915186595910e+00 7.612138049772473991e+00
4.614105935623866728e-01 2.939401792434116256e+00 3.228415787364815159e+00 3.262765923239202781e+00 3.275758607680903101e+00 3.449485855053492145e+00 3.745029792108233391e+00 4.123155358361975331e+00 4.489110471650823442e+00 4.862203208629862772e+00 5.315916012224700893e+00 5.673610630602177629e+00 5.972327193445375215e+00 6.233439405291290925e+00 6.475127954440493383e+00 6.700483080559543225e+00 6.916365236853323495e+00 7.130510806869225782e+00 7.375771940377093827e+00 7.828259074962971020e+00
6.592076565275135636e-01 3.137198855399243147e+00 3.426212850329942050e+00 3.460562986204329672e+00 3.473555670646029991e+00 3.647282918018619036e+00 3.942826855073360282e+00 4.320952421327102222e+00 4.686907534615951221e+00 5.060000271594989663e+00 5.513713075189827784e+00 5.871407693567304520e+00 6.170124256410501218e+00 6.431236468256416927e+00 6.672925017405620274e+00 6.898280143524670116e+00 7.114162299818451274e+00 7.328307869834352672e+00 7.573569003342220718e+00 8.026056137928097911e+00
8.411284167328938466e-01 3.319119615604623430e+00 3.608133610535322333e+00 3.642483746409709955e+00 3.655476430851410274e+00 3.829203678223999319e+00 4.124747615278741009e+00 4.502873181532482505e+00 4.868828294821330616e+00 5.241921031800369946e+00 5.695633835395208067e+00 6.053328453772684803e+00 6.352045016615882389e+00 6.613157228461798098e+00 6.854845777611000557e+00 7.080200903730050399e+00 7.296083060023830669e+00 7.510228630039732955e+00 7.755489763547601001e+00 8.207976898133477306e+00
1.025335474266743319e+00 3.503326673138472902e+00 3.792340668069171805e+00 3.826690803943559427e+00 3.839683488385259746e+00 4.013410735757848791e+00 4.308954672812589592e+00 4.687080239066331977e+00 5.053035352355180976e+00 5.426128089334219418e+00 5.879840892929057539e+00 6.237535511306534275e+00 6.536252074149730973e+00 6.797364285995646682e+00 7.039052835144850029e+00 7.264407961263899871e+00 7.480290117557681029e+00 7.694435687573582427e+00 7.939696821081450473e+00 8.392183955667327666e+00
1.206768307790468953e+00 3.684759506662198536e+00 3.973773501592897439e+00 4.008123637467285505e+00 4.021116321908985825e+00 4.194843569281574425e+00 4.490387506336315226e+00 4.868513072590057611e+00 5.234468185878906610e+00 5.607560922857945052e+00 6.061273726452783173e+00 6.418968344830259909e+00 6.717684907673456607e+00 6.978797119519372316e+00 7.220485668668575663e+00 7.445840794787625505e+00 7.661722951081406663e+00 7.875868521097308061e+00 8.121129654605176995e+00 8.573616789191053300e+00
1.528928549106932877e+00 4.006919747978662016e+00 4.295933742909361364e+00 4.330283878783749429e+00 4.343276563225449749e+00 4.517003810598038349e+00 4.812547747652779151e+00 5.190673313906521535e+00 5.556628427195370534e+00 5.929721164174408976e+00 6.383433967769247097e+00 6.741128586146723833e+00 7.039845148989920531e+00 7.300957360835836241e+00 7.542645909985039587e+00 7.768001036104089430e+00 7.983883192397870587e+00 8.198028762413771986e+00 8.443289895921640920e+00 8.895777030507517225e+00
