-5.310226951442778898e+00 -2.898231182266763906e+00 -2.728887825472801953e+00 -2.720622937453908374e+00 -2.430421532962567355e+00 -1.911410573048110351e+00 -1.313786835632509753e+00 -6.989077406223886957e-01 -1.239905299548134110e-01 4.498981500860601557e-01 9.974583870455022705e-01 1.460153946108846412e+00 1.884036038408670066e+00 2.274500161239426888e+00 2.657557789042543916e+00 3.041738916074979926e+00 3.446332044504679004e+00 3.910070648113734393e+00 4.508106594458393346e+00 5.686628956009739611e+00
-2.832235752571048870e+00 -4.202399833950343222e-01 -2.508966266010723700e-01 -2.426317385821787909e-01 4.756966590916222870e-02 5.665806258236192328e-01 1.164204363239219830e+00 1.779083458249340888e+00 2.354000668916916172e+00 2.927889348957789739e+00 3.475449585917231854e+00 3.938145144980575996e+00 4.362027237280399206e+00 4.752491360111156027e+00 5.135548987914273056e+00 5.519730114946709065e+00 5.924323243376408143e+00 6.388061846985463532e+00 6.986097793330122485e+00 8.164620154881468750e+00
-2.543221757640349967e+00 -1.312259884643354191e-01 3.811736832962653310e-02 4.638225634852011225e-02 3.365836608398611318e-01 8.555946207543181359e-01 1.453218358169918734e+00 2.068097453180040013e+00 2.643014663847615076e+00 3.216903343888488642e+00 3.764463580847930757e+00 4.227159139911274899e+00 4.651041232211098553e+00 5.041505355041855374e+00 5.424562982844972403e+00 5.808744109877408413e+00 6.213337238307107491e+00 6.677075841916162879e+00 7.275111788260821832e+00 8.453634149812167209e+00
-2.508871621765962345e+00 -9.687585258994779736e-02 7.246750420401415482e-02 8.073239222290773398e-02 3.709337967142487535e-01 8.899447566287057576e-01 1.487568494044306355e+00 2.102447589054427191e+00 2.677364799722002697e+00 3.251253479762876264e+00 3.798813716722318379e+00 4.261509275785662965e+00 4.685391368085486619e+00 5.075855490916243440e+00 5.458913118719360469e+00 5.843094245751796478e+00 6.247687374181495557e+00 6.711425977790550945e+00 7.309461924135209898e+00 8.487984285686556163e+00
-2.495878937324262026e+00 -8.388316814824747780e-02 8.546018864571447438e-02 9.372507666460805353e-02 3.839264811559490731e-01 9.029374410704060772e-01 1.500561178486006675e+00 2.115440273496127510e+00 2.690357484163703017e+00 3.264246164204576584e+00 3.811806401164018698e+00 4.274501960227363284e+00 4.698384052527186938e+00 5.088848175357943759e+00 5.471905803161060788e+00 5.856086930193496798e+00 6.260680058623195876e+00 6.724418662232251265e+00 7.322454608576910218e+00 8.500976970128256482e+00
-2.322151689951672981e+00 8.984407922434156646e-02 2.591874360183035186e-01 2.674523240371970978e-01 5.576537285285381174e-01 1.076664688442995121e+00 1.674288425858595719e+00 2.289167520868716998e+00 2.864084731536292061e+00 3.437973411577165628e+00 3.985533648536607743e+00 4.448229207599951884e+00 4.872111299899775538e+00 5.262575422730532360e+00 5.645633050533649389e+00 6.029814177566085398e+00 6.434407305995784476e+00 6.898145909604839865e+00 7.496181855949498818e+00 8.674704217500845971e+00
-2.026607752896931736e+00 3.853880162790828123e-01 5.547313730730447645e-01 5.629962610919383437e-01 8.531976655832793632e-01 1.372208625497736367e+00 1.969832362913336965e+00 2.584711457923457800e+00 3.159628668591033307e+00 3.733517348631906874e+00 4.281077585591349433e+00 4.743773144654692686e+00 5.167655236954516340e+00 5.558119359785273161e+00 5.941176987588390190e+00 6.325358114620826200e+00 6.729951243050525278e+00 7.193689846659580667e+00 7.791725793004239620e+00 8.970248154555585884e+00
-1.648482186643189795e+00 7.635135825328247527e-01 9.328569393267867049e-01 9.411218273456802841e-01 1.231323231837021304e+00 1.750334191751478308e+00 2.347957929167078905e+00 2.962837024177200185e+00 3.537754234844775247e+00 4.111642914885648814e+00 4.659203151845090929e+00 5.121898710908435071e+00 5.545780803208258725e+00 5.936244926039015546e+00 6.319302553842132575e+00 6.703483680874568584e+00 7.108076809304267663e+00 7.571815412913323051e+00 8.169851359257982892e+00 9.348373720809327381e+00
-1.282527073354341240e+00 1.129468695821673307e+00 1.298812052615635260e+00 1.307076940634528839e+00 1.597278345125869858e+00 2.116289305040326862e+00 2.713913042455927460e+00 3.328792137466048295e+00 3.903709348133623802e+00 4.477598028174497813e+00 5.025158265133939040e+00 5.487853824197284069e+00 5.911735916497107723e+00 6.302200039327864545e+00 6.685257667130981574e+00 7.069438794163417583e+00 7.474031922593116661e+00 7.937770526202172050e+00 8.535806472546831003e+00 9.714328834098177268e+00
-9.094343363753025766e-01 1.502561432800711971e+00 1.671904789594673924e+00 1.680169677613567503e+00 1.970371082104908522e+00 2.489382042019365748e+00 3.087005779434965902e+00 3.701884874445087181e+00 4.276802085112662688e+00 4.850690765153536255e+00 5.398251002112978369e+00 5.860946561176322511e+00 6.284828653476146165e+00 6.675292776306902987e+00 7.058350404110020015e+00 7.442531531142456025e+00 7.847124659572155103e+00 8.310863263181209604e+00 8.908899209525868557e+00 1.008742157107721482e+01
-4.557215327804642335e-01 1.956274236395550314e+00 2.125617593189512267e+00 2.133882481208405846e+00 2.424083885699746865e+00 2.943094845614203869e+00 3.540718583029804467e+00 4.155597678039925746e+00 4.730514888707500809e+00 5.304403568748374376e+00 5.851963805707816491e+00 6.314659364771160632e+00 6.738541457070984286e+00 7.129005579901741108e+00 7.512063207704858137e+00 7.896244334737294146e+00 8.300837463166992336e+00 8.764576066776047725e+00 9.362612013120706678e+00 1.054113437467205472e+01
-9.802691440298749725e-02 2.313968854773027051e+00 2.483312211566989003e+00 2.491577099585882582e+00 2.781778504077223602e+00 3.300789463991680606e+00 3.898413201407281203e+00 4.513292296417402483e+00 5.088209507084977545e+00 5.662098187125851112e+00 6.209658424085293227e+00 6.672353983148637369e+00 7.096236075448461023e+00 7.486700198279217844e+00 7.869757826082334873e+00 8.253938953114770882e+00 8.658532081544469960e+00 9.122270685153525349e+00 9.720306631498184302e+00 1.089882899304953057e+01
2.006896484402096448e-01 2.612685417616224193e+00 2.782028774410186145e+00 2.790293662429079724e+00 3.080495066920420744e+00 3.599506026834877748e+00 4.197129764250478345e+00 4.812008859260599181e+00 5.386926069928174243e+00 5.960814749969047810e+00 6.508374986928490813e+00 6.971070545991834067e+00 7.394952638291657721e+00 7.785416761122414542e+00 8.168474388925531571e+00 8.552655515957967580e+00 8.957248644387666658e+00 9.420987247996722047e+00 1.001902319434138100e+01 1.119754555589272726e+01
4.618018602861253541e-01 2.873797629462139902e+00 3.043140986256101854e+00 3.051405874274995433e+00 3.341607278766336453e+00 3.860618238680793457e+00 4.458241976096394055e+00 5.073121071106514890e+00 5.648038281774089953e+00 6.221926961814963519e+00 6.769487198774406522e+00 7.232182757837749776e+00 7.656064850137573430e+00 8.046528972968330251e+00 8.429586600771447280e+00 8.813767727803883290e+00 9.218360856233582368e+00 9.682099459842637756e+00 1.028013540618729671e+01 1.145865776773864297e+01
7.034904094353282566e-01 3.115486178611342805e+00 3.284829535405304757e+00 3.293094423424198336e+00 3.583295827915539356e+00 4.102306787829996360e+00 4.699930525245596513e+00 5.314809620255718237e+00 5.889726830923293299e+00 6.463615510964166866e+00 7.011175747923608981e+00 7.473871306986953122e+00 7.897753399286776776e+00 8.288217522117534486e+00 8.671275149920649739e+00 9.055456276953087524e+00 9.460049405382786603e+00 9.923788008991841991e+00 1.052182395533650094e+01 1.170034631688784543e+01
9.288455355543780989e-01 3.340841304730392647e+00 3.510184661524354599e+00 3.518449549543248178e+00 3.808650954034589198e+00 4.327661913949046202e+00 4.925285651364646355e+00 5.540164746374768079e+00 6.115081957042343141e+00 6.688970637083216708e+00 7.236530874042658823e+00 7.699226433106002965e+00 8.123108525405825731e+00 8.513572648236582552e+00 8.896630276039701357e+00 9.280811403072135590e+00 9.685404531501834668e+00 1.014914313511089006e+01 1.074717908145554901e+01 1.192570144300689705e+01
1.144727691848158813e+00 3.556723461024173361e+00 3.726066817818135313e+00 3.734331705837028892e+00 4.024533110328370356e+00 4.543544070242827360e+00 5.141167807658427513e+00 5.756046902668548348e+00 6.330964113336124299e+00 6.904852793376997866e+00 7.452413030336439093e+00 7.915108589399784123e+00 8.338990681699607777e+00 8.729454804530364598e+00 9.112512432333481627e+00 9.496693559365917636e+00 9.901286687795616714e+00 1.036502529140467210e+01 1.096306123774933106e+01 1.214158359930067732e+01
1.358873261864060655e+00 3.770869031040075203e+00 3.940212387834037155e+00 3.948477275852930735e+00 4.238678680344271754e+00 4.757689640258728758e+00 5.355313377674329800e+00 5.970192472684450635e+00 6.545109683352025698e+00 7.118998363392899265e+00 7.666558600352341379e+00 8.129254159415685521e+00 8.553136251715509175e+00 8.943600374546265996e+00 9.326658002349383025e+00 9.710839129381819035e+00 1.011543225781151811e+01 1.057917086142057350e+01 1.117720680776523245e+01 1.235572916931657872e+01
1.604134395371928701e+00 4.016130164547943693e+00 4.185473521341904757e+00 4.193738409360799224e+00 4.483939813852139800e+00 5.002950773766596804e+00 5.600574511182196957e+00 6.215453606192318681e+00 6.790370816859893743e+00 7.364259496900767310e+00 7.911819733860209425e+00 8.374515292923554455e+00 8.798397385223378109e+00 9.188861508054134930e+00 9.571919135857250183e+00 9.956100262889687968e+00 1.036069339131938705e+01 1.082443199492844244e+01 1.142246794127310139e+01 1.260099030282444588e+01
2.056621529957805894e+00 4.468617299133819998e+00 4.637960655927782838e+00 4.646225543946675529e+00 4.936426948438016993e+00 5.455437908352473997e+00 6.053061645768075039e+00 6.667940740778195874e+00 7.242857951445770937e+00 7.816746631486644503e+00 8.364306868446085730e+00 8.827002427509430760e+00 9.250884519809254414e+00 9.641348642640011235e+00 1.002440627044312826e+01 1.040858739747556427e+01 1.081318052590526335e+01 1.127691912951431874e+01 1.187495507585897769e+01 1.305347743741032396e+01
