-5.102523088053738221e+00 -2.654721602083064180e+00 -2.422590726386224524e+00 -2.430024691123675584e+00 -2.305872056284099969e+00 -1.963219189038089230e+00 -1.510318306266519528e+00 -1.009597584355082178e+00 -5.350797944934881922e-01 -5.305920123331420157e-02 4.473634357848412790e-01 8.646097210000047717e-01 1.217262453505780773e+00 1.547094143990345394e+00 1.860413695280985991e+00 2.161568337006884555e+00 2.482656323404746956e+00 2.813953085125169729e+00 3.223245603574553364e+00 4.056259644827226118e+00
-2.659449437870982980e+00 -2.116479519003084953e-01 2.048292379653116058e-02 1.304895905908010079e-02 1.372015938986557160e-01 4.798544611446664554e-01 9.327553439162361570e-01 1.433476065827673507e+00 1.907993855689267493e+00 2.390014448949441483e+00 2.890437085967596964e+00 3.307683371182760457e+00 3.660336103688536458e+00 3.990167794173101079e+00 4.303487345463741676e+00 4.604641987189640240e+00 4.925729973587502641e+00 5.257026735307925414e+00 5.666319253757309049e+00 6.499333295009981804e+00
-2.247396002754468824e+00 2.004054832162056599e-01 4.325363589130453157e-01 4.251023941755942559e-01 5.492550290151698711e-01 8.919078962611806105e-01 1.344808779032750312e+00 1.845529500944187662e+00 2.320047290805781870e+00 2.802067884065955639e+00 3.302490521084111119e+00 3.719736806299274612e+00 4.072389538805050613e+00 4.402221229289615678e+00 4.715540780580255387e+00 5.016695422306154839e+00 5.337783408704016352e+00 5.669080170424440013e+00 6.078372688873823648e+00 6.911386730126496403e+00
-2.035134510284294151e+00 4.126669756863803329e-01 6.447978513832199887e-01 6.373638866457689289e-01 7.615165214853445441e-01 1.104169388731355284e+00 1.557070271502924985e+00 2.057790993414362113e+00 2.532308783275956543e+00 3.014329376536130312e+00 3.514752013554285792e+00 3.931998298769449285e+00 4.284651031275225286e+00 4.614482721759790351e+00 4.927802273050430060e+00 5.228956914776329512e+00 5.550044901174191025e+00 5.881341662894614686e+00 6.290634181343998321e+00 7.123648222596671076e+00
-1.926241398630584190e+00 5.215600873400902948e-01 7.536909630369299506e-01 7.462569982994788909e-01 8.704096331390545060e-01 1.213062500385065245e+00 1.665963383156634947e+00 2.166684105068072519e+00 2.641201894929666061e+00 3.123222488189840274e+00 3.623645125207995754e+00 4.040891410423158803e+00 4.393544142928934804e+00 4.723375833413499869e+00 5.036695384704140466e+00 5.337850026430039030e+00 5.658938012827901431e+00 5.990234774548324204e+00 6.399527292997707839e+00 7.232541334250380594e+00
-1.905112946817904884e+00 5.426885391527696001e-01 7.748194148496092559e-01 7.673854501121581961e-01 8.915380849517338113e-01 1.234190952197744551e+00 1.687091834969314252e+00 2.187812556880751380e+00 2.662330346742345810e+00 3.144350940002519579e+00 3.644773577020675059e+00 4.062019862235838552e+00 4.414672594741614553e+00 4.744504285226179618e+00 5.057823836516819327e+00 5.358978478242718779e+00 5.680066464640580293e+00 6.011363226361003953e+00 6.420655744810387588e+00 7.253669786063060343e+00
-1.938719283304540131e+00 5.090822026661343536e-01 7.412130783629740094e-01 7.337791136255229496e-01 8.579317484650985648e-01 1.200584615711109304e+00 1.653485498482679006e+00 2.154206220394116578e+00 2.628724010255710120e+00 3.110744603515884332e+00 3.611167240534039813e+00 4.028413525749202861e+00 4.381066258254978862e+00 4.710897948739543928e+00 5.024217500030184524e+00 5.325372141756083089e+00 5.646460128153945490e+00 5.977756889874368262e+00 6.387049408323751898e+00 7.220063449576424652e+00
-1.914617405883863199e+00 5.331840800868112851e-01 7.653149557836509409e-01 7.578809910461998811e-01 8.820336258857754963e-01 1.224686493131786236e+00 1.677587375903355937e+00 2.178308097814793065e+00 2.652825887676387495e+00 3.134846480936561264e+00 3.635269117954716744e+00 4.052515403169880237e+00 4.405168135675656238e+00 4.734999826160221303e+00 5.048319377450861012e+00 5.349474019176760464e+00 5.670562005574621978e+00 6.001858767295045638e+00 6.411151285744429273e+00 7.244165326997102028e+00
-1.878981781962339337e+00 5.688197040083351474e-01 8.009505797051748033e-01 7.935166149677237435e-01 9.176692498072993587e-01 1.260322117053310098e+00 1.713222999824879800e+00 2.213943721736317372e+00 2.688461511597910913e+00 3.170482104858085126e+00 3.670904741876240607e+00 4.088151027091404544e+00 4.440803759597180544e+00 4.770635450081744722e+00 5.083955001372385318e+00 5.385109643098283883e+00 5.706197629496146284e+00 6.037494391216569056e+00 6.446786909665952692e+00 7.279800950918625446e+00
-1.919443963281672882e+00 5.283575226890016019e-01 7.604883983858412577e-01 7.530544336483901979e-01 8.772070684879658131e-01 1.219859935733976553e+00 1.672760818505546254e+00 2.173481540416983826e+00 2.647999330278577368e+00 3.130019923538751581e+00 3.630442560556907061e+00 4.047688845772070110e+00 4.400341578277846111e+00 4.730173268762411176e+00 5.043492820053051773e+00 5.344647461778950337e+00 5.665735448176812739e+00 5.997032209897235511e+00 6.406324728346619146e+00 7.239338769599291901e+00
-1.709395909972915018e+00 7.384055759977594668e-01 9.705364516945991227e-01 9.631024869571480629e-01 1.087255121796723678e+00 1.429907989042734417e+00 1.882808871814304119e+00 2.383529593725741691e+00 2.858047383587335233e+00 3.340067976847509446e+00 3.840490613865664926e+00 4.257736899080828863e+00 4.610389631586604864e+00 4.940221322071169041e+00 5.253540873361809638e+00 5.554695515087708202e+00 5.875783501485570604e+00 6.207080263205993376e+00 6.616372781655377011e+00 7.449386822908049766e+00
-1.470076451684264818e+00 9.777250342864096666e-01 1.209855909983249322e+00 1.202421945245798263e+00 1.326574580085373878e+00 1.669227447331384617e+00 2.122128330102954319e+00 2.622849052014391447e+00 3.097366841875985877e+00 3.579387435136159645e+00 4.079810072154314682e+00 4.497056357369478619e+00 4.849709089875254620e+00 5.179540780359818797e+00 5.492860331650460282e+00 5.794014973376357958e+00 6.115102959774221247e+00 6.446399721494643131e+00 6.855692239944026767e+00 7.688706281196699521e+00
-1.342664138611311619e+00 1.105137347359362865e+00 1.337268223056202521e+00 1.329834258318751461e+00 1.453986893158327076e+00 1.796639760404337816e+00 2.249540643175907739e+00 2.750261365087344867e+00 3.224779154948938853e+00 3.706799748209112622e+00 4.207222385227268546e+00 4.624468670442431595e+00 4.977121402948207596e+00 5.306953093432772661e+00 5.620272644723413258e+00 5.921427286449311822e+00 6.242515272847174224e+00 6.573812034567596996e+00 6.983104553016980631e+00 7.816118594269653386e+00
-1.261447158767625476e+00 1.186354327203049008e+00 1.418485202899888664e+00 1.411051238162437604e+00 1.535203873002013220e+00 1.877856740248023959e+00 2.330757623019593439e+00 2.831478344931031010e+00 3.305996134792624996e+00 3.788016728052799209e+00 4.288439365070954246e+00 4.705685650286118182e+00 5.058338382791894183e+00 5.388170073276458361e+00 5.701489624567098957e+00 6.002644266292997521e+00 6.323732252690859923e+00 6.655029014411282695e+00 7.064321532860666331e+00 7.897335574113339085e+00
-1.217017437086168830e+00 1.230784048884505655e+00 1.462914924581345311e+00 1.455480959843894251e+00 1.579633594683469866e+00 1.922286461929480605e+00 2.375187344701050307e+00 2.875908066612487879e+00 3.350425856474081421e+00 3.832446449734255634e+00 4.332869086752411114e+00 4.750115371967574163e+00 5.102768104473350164e+00 5.432599794957915229e+00 5.745919346248555826e+00 6.047073987974454390e+00 6.368161974372316791e+00 6.699458736092739564e+00 7.108751254542123199e+00 7.941765295794795954e+00
-1.214584572263595064e+00 1.233216913707079421e+00 1.465347789403919077e+00 1.457913824666468017e+00 1.582066459506043632e+00 1.924719326752054371e+00 2.377620209523624073e+00 2.878340931435061201e+00 3.352858721296655631e+00 3.834879314556829399e+00 4.335301951574985324e+00 4.752548236790148373e+00 5.105200969295924374e+00 5.435032659780489439e+00 5.748352211071129148e+00 6.049506852797028600e+00 6.370594839194890113e+00 6.701891600915313774e+00 7.111184119364697409e+00 7.944198160617370164e+00
-1.254475844512160876e+00 1.193325641458513608e+00 1.425456517155353264e+00 1.418022552417902205e+00 1.542175187257477820e+00 1.884828054503488559e+00 2.337728937275058261e+00 2.838449659186495388e+00 3.312967449048089819e+00 3.794988042308263587e+00 4.295410679326419512e+00 4.712656964541582560e+00 5.065309697047358561e+00 5.395141387531923627e+00 5.708460938822563335e+00 6.009615580548462788e+00 6.330703566946324301e+00 6.662000328666747961e+00 7.071292847116131597e+00 7.904306888368804351e+00
-1.360131573597278987e+00 1.087669912373395498e+00 1.319800788070235154e+00 1.312366823332784094e+00 1.436519458172359709e+00 1.779172325418370448e+00 2.232073208189940150e+00 2.732793930101377278e+00 3.207311719962971708e+00 3.689332313223145476e+00 4.189754950241301401e+00 4.607001235456464450e+00 4.959653967962240451e+00 5.289485658446805516e+00 5.602805209737445225e+00 5.903959851463344677e+00 6.225047837861206190e+00 6.556344599581629851e+00 6.965637118031013486e+00 7.798651159283686241e+00
-1.589691670950320823e+00 8.581098150203536612e-01 1.090240690717193317e+00 1.082806725979742257e+00 1.206959360819317872e+00 1.549612228065328612e+00 2.002513110836898313e+00 2.503233832748335885e+00 2.977751622609929427e+00 3.459772215870103640e+00 3.960194852888259121e+00 4.377441138103423057e+00 4.730093870609199058e+00 5.059925561093763235e+00 5.373245112384403832e+00 5.674399754110302396e+00 5.995487740508164798e+00 6.326784502228587570e+00 6.736077020677971205e+00 7.569091061930643960e+00
-2.527277308789749988e+00 -7.947582281907550339e-02 1.526550528777641524e-01 1.452210881403130927e-01 2.693737229798887078e-01 6.120265902258994473e-01 1.064927472997469149e+00 1.565648194908906499e+00 2.040165984770500707e+00 2.522186578030674475e+00 3.022609215048829956e+00 3.439855500263993449e+00 3.792508232769769450e+00 4.122339923254333627e+00 4.435659474544975112e+00 4.736814116270872788e+00 5.057902102668736077e+00 5.389198864389157961e+00 5.798491382838541597e+00 6.631505424091214351e+00
