-5.278800713266480926e+00
-2.793453174192377375e+00
-2.267902923235709522e+00
-1.938657417964382290e+00
-1.698900948317222159e+00
-1.509606326460774639e+00
-1.355525827448254006e+00
-1.224124033954865354e+00
-1.111974733428214179e+00
-1.016811774331015883e+00
-9.250205161831477341e-01
-8.432679329446912675e-01
-7.756232887478127225e-01
-7.057869609063818217e-01
-6.468766576086881770e-01
-5.926254441550753427e-01
-5.440922830310412905e-01
-4.911422620846579434e-01
-4.490515688771203884e-01
-4.070299437200901593e-01
-3.670493072896530151e-01
-3.272086828696672001e-01
-2.922869084473251888e-01
-2.613987635564196665e-01
-2.264428299765768315e-01
-2.001168230949019744e-01
-1.705709700885602587e-01
-1.444277205258170937e-01
-1.171169552882407316e-01
-9.498616037354956632e-02
-7.139676769062930362e-02
-4.701196072576330209e-02
-2.721890883727340338e-02
-5.895315700367831369e-03
8.732563541945737029e-03
2.725534813919239241e-02
4.721358943493747518e-02
6.070007920872733109e-02
7.995665077047675595e-02
9.485828192555345595e-02
1.097945740052992392e-01
1.193733905096259207e-01
1.384264708779525677e-01
1.474332920797341018e-01
1.597633712492445568e-01
1.752282285814370510e-01
1.864785487613183079e-01
1.926628440606226178e-01
2.023387525628486117e-01
2.126443162310458490e-01
2.205559928420743887e-01
2.308183821732345820e-01
2.389958097838196238e-01
2.458121907934422978e-01
2.540339670323028542e-01
2.572504532264137111e-01
2.608406984111830695e-01
2.709119649213000969e-01
2.761033052448027547e-01
2.800795300016432066e-01
2.832265584667137404e-01
2.862479497823162689e-01
2.891231102481857107e-01
2.863157335907278167e-01
2.936538072130581156e-01
2.953672857732385637e-01
2.922500656218982584e-01
2.966531011596824641e-01
2.975095987245275353e-01
2.935221226996969079e-01
2.903182714456900015e-01
2.933465703188051776e-01
2.873669705864365653e-01
2.901967467480766061e-01
2.888658030875586036e-01
2.885648862596692510e-01
2.844340197573167472e-01
2.851156715080236381e-01
2.841730846417025447e-01
2.756481052963586365e-01
2.790551491694603925e-01
2.732748416641914702e-01
2.731888209809429924e-01
2.738676297454745168e-01
2.718516733946412245e-01
2.752409966957163334e-01
2.720569048893271002e-01
2.729021387996208858e-01
2.678604316702859478e-01
2.760601721528495034e-01
2.655672065964207462e-01
2.708166124029691701e-01
2.704781843740846625e-01
2.766929773706383600e-01
2.770814880128025237e-01
2.774077616825341153e-01
2.775373410536801089e-01
2.758732835834170061e-01
2.815337395195900427e-01
2.829176826275183743e-01
2.833424115072613603e-01
2.904738446115775474e-01
2.957973365551804790e-01
3.004664761041482279e-01
3.080530066582909399e-01
3.166353853117502837e-01
3.196244161028740649e-01
3.262893495530114762e-01
3.394271435161968498e-01
3.439253970922049319e-01
3.552058936515649634e-01
3.639899451306956024e-01
3.661849561619625604e-01
3.792552435791964882e-01
3.822991591672888489e-01
3.955237781955940335e-01
3.986339482460632411e-01
4.100154452069819655e-01
4.204753825478846352e-01
4.249760324992291061e-01
4.388207273273891929e-01
4.434785503063807255e-01
4.550641447813195128e-01
4.686547212495142389e-01
4.741664636484603790e-01
4.846972352999330269e-01
4.963192308978996437e-01
5.076971890914592223e-01
5.158747126255747162e-01
5.277806729003291508e-01
5.358202516553607353e-01
5.479235008219784930e-01
5.591313598351188574e-01
5.729847556743763448e-01
5.903083872274503818e-01
6.032267057681899303e-01
6.186200754754818121e-01
6.418942506233928924e-01
6.538705249155309929e-01
6.743218577647471790e-01
6.887640731523241300e-01
7.057719937456621295e-01
7.242663996188145603e-01
7.355537632104383050e-01
7.462488075603932458e-01
7.709239725121346254e-01
7.738209964312812161e-01
8.004732630428552653e-01
8.094603878525585827e-01
8.278636907433636338e-01
8.402391951208674215e-01
8.576273904000135673e-01
8.811517642952360063e-01
8.902066266615058510e-01
9.051709680626327525e-01
9.171365440178735895e-01
9.279401417084951476e-01
9.466562230380972665e-01
9.595114343287178826e-01
9.746905576583824171e-01
9.884998087704932601e-01
1.001541675864583425e+00
1.013793313235394677e+00
1.028075881772359423e+00
1.044506407858042607e+00
1.056713346990949987e+00
1.062936312215640555e+00
1.082774731133005375e+00
1.097093442698840349e+00
1.112725965138720241e+00
1.126652680641850424e+00
1.142689575909036748e+00
1.153060794739410255e+00
1.168781176066103100e+00
1.180706189509818316e+00
1.195307427085015917e+00
1.198906869988404011e+00
1.222371326929549085e+00
1.233407856649060719e+00
1.245262079722067483e+00
1.255215063333197989e+00
1.279179748426544805e+00
1.296274181785845414e+00
1.303371330038867626e+00
1.319893938034384817e+00
1.335172717827182609e+00
1.349019596040090363e+00
1.365921486463472334e+00
1.375674587426894746e+00
1.393198137436685968e+00
1.409187139837959180e+00
1.427707439386638910e+00
1.438744305029917570e+00
1.462680731047516502e+00
1.484151782390910057e+00
1.490120700692555644e+00
1.512591722814430995e+00
1.536576171048912087e+00
1.561756587908410765e+00
1.580868125143718217e+00
1.633004341225749556e+00
1.648273245310447166e+00
1.667953396409949107e+00
1.700875600024550849e+00
1.725767459462501208e+00
1.751797771930085901e+00
1.766091722479476545e+00
1.780075268858416493e+00
1.801699618314875906e+00
1.832467833840796700e+00
1.838942561792730856e+00
1.851671617641226675e+00
1.876224668992218625e+00
1.894988923876926634e+00
1.917495867370515583e+00
1.935495479579367739e+00
1.945902876354486111e+00
1.952005048915902208e+00
1.978001428038085763e+00
1.991737071601388465e+00
2.013041118594330214e+00
2.024677912240326449e+00
2.045887201790343113e+00
2.059966953922494071e+00
2.059282471678047344e+00
2.089646159406624903e+00
2.106569845431790711e+00
2.112626109070879110e+00
2.130099631154186213e+00
2.144400999883833592e+00
2.151941855759643474e+00
2.168976430627633789e+00
2.184462720979363226e+00
2.197242759319692595e+00
2.217008077542596212e+00
2.221927189976591777e+00
2.234790514931548344e+00
2.244522037960308580e+00
2.259142535151209330e+00
2.278549015165928893e+00
2.295591423990448021e+00
2.295158195347259067e+00
2.325835110261953886e+00
2.333494261114791968e+00
2.336160678993532969e+00
2.345796303054390464e+00
2.366512891569701793e+00
2.377151911660471129e+00
2.388063760885081876e+00
2.397895272798370669e+00
2.413536968788328352e+00
2.434559257169961910e+00
2.431700277410731914e+00
2.437301603177463249e+00
2.456032989528313948e+00
2.467931545582038311e+00
2.483191757420454948e+00
2.481711758891481878e+00
2.503655868477537183e+00
2.518572492568090126e+00
2.521465019216488912e+00
2.543753761403038993e+00
2.537203318200347724e+00
2.561402926216706177e+00
2.553894326483250765e+00
2.586106137572556918e+00
2.592354190252670776e+00
2.598739316617812989e+00
2.609752752095612749e+00
2.631291200576931999e+00
2.627509715242892341e+00
2.634934929304691309e+00
2.636660205015537883e+00
2.659467850732362137e+00
2.676340139897670056e+00
2.676498681316948236e+00
2.687926769654211512e+00
2.705671214953284220e+00
2.725288845486380396e+00
2.713099289961794724e+00
2.732193873478742319e+00
2.742980494917823364e+00
2.755542117451058814e+00
2.753827635376044469e+00
2.754227418356325785e+00
2.776991125886466349e+00
2.784617138089400257e+00
2.779448560860222628e+00
2.799029771546088341e+00
2.810505849067405748e+00
2.822543200323309520e+00
2.838946108631544618e+00
2.836586298805162443e+00
2.831327849990588064e+00
2.852781744240253659e+00
2.868859363139231178e+00
2.880976036255802342e+00
2.870398022245202796e+00
2.887546661332955011e+00
2.904994514823547647e+00
2.917963477931293070e+00
2.923022681275220691e+00
2.927360200783299504e+00
2.949612337940438422e+00
2.949959644580959051e+00
2.937394757148968694e+00
2.960505539714121781e+00
2.973792893308075946e+00
2.969462191853548205e+00
2.984306883520956077e+00
2.987980577549993910e+00
3.016380349049892828e+00
3.016083414892861470e+00
3.007289713296939837e+00
3.036402764399992904e+00
3.020248538058236676e+00
3.031491348731790936e+00
3.041566809897791046e+00
3.048826231225236327e+00
3.054671952048666483e+00
3.066544981757928667e+00
3.078165715544637138e+00
3.084186012561829671e+00
3.101739462906651923e+00
3.112552136846197470e+00
3.110918683363108173e+00
3.105384815074192062e+00
3.114925393821648569e+00
3.130365571754834875e+00
3.153598940024577857e+00
3.146639733460725452e+00
3.158465129675750660e+00
3.150622620807160601e+00
3.171038495454041595e+00
3.176077602554896018e+00
3.182719241930220377e+00
3.194360611604176725e+00
3.176687491486891446e+00
3.202465755062117836e+00
3.206767607905256057e+00
3.204703994055527971e+00
3.208565522808841664e+00
3.247275299389899672e+00
3.241865343092898755e+00
3.251305106633324726e+00
3.229109832317407225e+00
3.251211205511136626e+00
3.266920812205411195e+00
3.274388534798459816e+00
3.263778102128680914e+00
3.267111597286596947e+00
3.271318104445349206e+00
3.291153305561953957e+00
3.295953236411465426e+00
3.305821088340897163e+00
3.309397487940728411e+00
3.330925328676823227e+00
3.333368824089300020e+00
3.315086409915689813e+00
3.330620311135950473e+00
3.320304685680703471e+00
3.348570431534357184e+00
3.350642541683141573e+00
3.343923822936481827e+00
3.363796505225860045e+00
3.378511215229083930e+00
3.389448489173073398e+00
3.365900440359204993e+00
3.395396060098068602e+00
3.401924918980531842e+00
3.409376191676274814e+00
3.388909550868461906e+00
3.411909093201140664e+00
3.424224109881462752e+00
3.427018812946869275e+00
3.445092274520325404e+00
3.436918770054822048e+00
3.456902306874120256e+00
3.455288845650526852e+00
3.444636434056590701e+00
3.464543886261088446e+00
3.475059230260610477e+00
3.468036729490785675e+00
3.466638127864202445e+00
3.467803493338125875e+00
3.510565918717521328e+00
3.507164141655009004e+00
3.510079241496574909e+00
3.506679116787976724e+00
3.535955500433590970e+00
3.510322550500209360e+00
3.531596024138975665e+00
3.534209428650491702e+00
3.575940455114391625e+00
3.587045148232668623e+00
3.619489085881708590e+00
3.643245781578285047e+00
3.733040349899706456e+00
3.875954107176090346e+00
4.595399889341909017e+00
