-4.393944407317524004e+00 -2.372132297550507918e+00 -1.979609680443707997e+00 -1.759586081329501450e+00 -1.635975075021233405e+00 -1.568480453216493320e+00 -1.547495368533186477e+00 -1.563844912254472419e+00 -1.633212598468079424e+00 -1.858283279485769768e+00 -1.858283279485769768e+00 -1.633212598468079424e+00 -1.563844912254472419e+00 -1.547495368533186699e+00 -1.568480453216493320e+00 -1.635975075021233405e+00 -1.759586081329501006e+00 -1.979609680443707997e+00 -2.372132297550507918e+00 -4.393944407317524004e+00
-1.897708878172459812e+00 1.241032315945562736e-01 5.166258487013561940e-01 7.366494478155627412e-01 8.602604541238307867e-01 9.277550759285708715e-01 9.487401606118777142e-01 9.323906168905917724e-01 8.630229306769847675e-01 6.379522496592944236e-01 6.379522496592944236e-01 8.630229306769847675e-01 9.323906168905917724e-01 9.487401606118774922e-01 9.277550759285708715e-01 8.602604541238307867e-01 7.366494478155631853e-01 5.166258487013561940e-01 1.241032315945562736e-01 -1.897708878172459812e+00
-1.578672336048799529e+00 4.431397737182165564e-01 8.356623908250164767e-01 1.055685989939223024e+00 1.179296996247491069e+00 1.246791618052231154e+00 1.267776702735537997e+00 1.251427159014252055e+00 1.182059472800645050e+00 9.569887917829547064e-01 9.569887917829547064e-01 1.182059472800645050e+00 1.251427159014252055e+00 1.267776702735537775e+00 1.246791618052231154e+00 1.179296996247491069e+00 1.055685989939223468e+00 8.356623908250164767e-01 4.431397737182165564e-01 -1.578672336048799529e+00
-1.497200566017960810e+00 5.246115437490552758e-01 9.171341608558551961e-01 1.137157759970061743e+00 1.260768766278329789e+00 1.328263388083069874e+00 1.349248472766376716e+00 1.332898929045090775e+00 1.263531242831483770e+00 1.038460561813793426e+00 1.038460561813793426e+00 1.263531242831483770e+00 1.332898929045090775e+00 1.349248472766376494e+00 1.328263388083069874e+00 1.260768766278329789e+00 1.137157759970062187e+00 9.171341608558551961e-01 5.246115437490552758e-01 -1.497200566017960810e+00
-1.511727606823131786e+00 5.100845029438842992e-01 9.026071200506842196e-01 1.122630719164890767e+00 1.246241725473158812e+00 1.313736347277898897e+00 1.334721431961205740e+00 1.318371888239919798e+00 1.249004202026312793e+00 1.023933521008622449e+00 1.023933521008622449e+00 1.249004202026312793e+00 1.318371888239919798e+00 1.334721431961205518e+00 1.313736347277898897e+00 1.246241725473158812e+00 1.122630719164891211e+00 9.026071200506842196e-01 5.100845029438842992e-01 -1.511727606823131786e+00
-1.436222432864004972e+00 5.855896769030111138e-01 9.781122940098110341e-01 1.198135893124017581e+00 1.321746899432285627e+00 1.389241521237025712e+00 1.410226605920332554e+00 1.393877062199046613e+00 1.324509375985439608e+00 1.099438694967749264e+00 1.099438694967749264e+00 1.324509375985439608e+00 1.393877062199046613e+00 1.410226605920332332e+00 1.389241521237025712e+00 1.321746899432285627e+00 1.198135893124018025e+00 9.781122940098110341e-01 5.855896769030111138e-01 -1.436222432864004972e+00
-1.248194028600023930e+00 7.736180811669921553e-01 1.166140698273792076e+00 1.386164297387998623e+00 1.509775303696266668e+00 1.577269925501006753e+00 1.598255010184313596e+00 1.581905466463027654e+00 1.512537780249420649e+00 1.287467099231730305e+00 1.287467099231730305e+00 1.512537780249420649e+00 1.581905466463027654e+00 1.598255010184313374e+00 1.577269925501006753e+00 1.509775303696266668e+00 1.386164297387999067e+00 1.166140698273792076e+00 7.736180811669921553e-01 -1.248194028600023930e+00
-9.558930256699884609e-01 1.065919084097027625e+00 1.458441701203827545e+00 1.678465300318034092e+00 1.802076306626302138e+00 1.869570928431042223e+00 1.890556013114349065e+00 1.874206469393063124e+00 1.804838783179456119e+00 1.579768102161765775e+00 1.579768102161765775e+00 1.804838783179456119e+00 1.874206469393063124e+00 1.890556013114348843e+00 1.869570928431042223e+00 1.802076306626302138e+00 1.678465300318034537e+00 1.458441701203827545e+00 1.065919084097027625e+00 -9.558930256699884609e-01
-6.716047916886140889e-01 1.350207318078401997e+00 1.742729935185201917e+00 1.962753534299408464e+00 2.086364540607676510e+00 2.153859162412416595e+00 2.174844247095723659e+00 2.158494703374437496e+00 2.089127017160830491e+00 1.864056336143140147e+00 1.864056336143140147e+00 2.089127017160830491e+00 2.158494703374437496e+00 2.174844247095723215e+00 2.153859162412416595e+00 2.086364540607676510e+00 1.962753534299408908e+00 1.742729935185201917e+00 1.350207318078401997e+00 -6.716047916886140889e-01
-3.819067752165292706e-01 1.639905334550486815e+00 2.032427951657286513e+00 2.252451550771493061e+00 2.376062557079761106e+00 2.443557178884501191e+00 2.464542263567808256e+00 2.448192719846522536e+00 2.378825033632915087e+00 2.153754352615225187e+00 2.153754352615225187e+00 2.378825033632915087e+00 2.448192719846522536e+00 2.464542263567808256e+00 2.443557178884501191e+00 2.376062557079761106e+00 2.252451550771493949e+00 2.032427951657286513e+00 1.639905334550486815e+00 -3.819067752165292706e-01
3.219133342612234827e-02 2.054003443193138434e+00 2.446526060299938354e+00 2.666549659414144902e+00 2.790160665722412947e+00 2.857655287527153032e+00 2.878640372210459653e+00 2.862290828489173933e+00 2.792923142275566928e+00 2.567852461257876584e+00 2.567852461257876584e+00 2.792923142275566928e+00 2.862290828489173933e+00 2.878640372210459653e+00 2.857655287527153032e+00 2.790160665722412947e+00 2.666549659414145346e+00 2.446526060299938354e+00 2.054003443193138434e+00 3.219133342612234827e-02
3.577805216105383046e-01 2.379592631377554390e+00 2.772115248484354311e+00 2.992138847598560858e+00 3.115749853906828903e+00 3.183244475711568988e+00 3.204229560394876053e+00 3.187880016673589889e+00 3.118512330459982884e+00 2.893441649442292540e+00 2.893441649442292540e+00 3.118512330459982884e+00 3.187880016673589889e+00 3.204229560394875609e+00 3.183244475711568988e+00 3.115749853906828903e+00 2.992138847598561302e+00 2.772115248484354311e+00 2.379592631377554390e+00 3.577805216105383046e-01
6.159565289991033588e-01 2.637768638766119444e+00 3.030291255872919365e+00 3.250314854987125912e+00 3.373925861295393958e+00 3.441420483100134042e+00 3.462405567783441107e+00 3.446056024062154943e+00 3.376688337848547938e+00 3.151617656830857594e+00 3.151617656830857594e+00 3.376688337848547938e+00 3.446056024062154943e+00 3.462405567783440663e+00 3.441420483100134042e+00 3.373925861295393958e+00 3.250314854987126356e+00 3.030291255872919365e+00 2.637768638766119444e+00 6.159565289991033588e-01
8.358697805982955309e-01 2.857681890365311617e+00 3.250204507472111537e+00 3.470228106586318084e+00 3.593839112894586130e+00 3.661333734699326214e+00 3.682318819382633279e+00 3.665969275661347115e+00 3.596601589447740110e+00 3.371530908430049767e+00 3.371530908430049767e+00 3.596601589447740110e+00 3.665969275661347115e+00 3.682318819382632835e+00 3.661333734699326214e+00 3.593839112894586130e+00 3.470228106586318528e+00 3.250204507472111537e+00 2.857681890365311617e+00 8.358697805982955309e-01
1.026601420190426772e+00 3.048413529957442858e+00 3.440936147064242778e+00 3.660959746178449326e+00 3.784570752486717371e+00 3.852065374291457456e+00 3.873050458974764076e+00 3.856700915253478357e+00 3.787333229039871352e+00 3.562262548022181008e+00 3.562262548022181008e+00 3.787333229039871352e+00 3.856700915253478357e+00 3.873050458974764076e+00 3.852065374291457456e+00 3.784570752486717371e+00 3.660959746178449770e+00 3.440936147064242778e+00 3.048413529957442858e+00 1.026601420190426772e+00
1.200486765458974148e+00 3.222298875225990233e+00 3.614821492332790154e+00 3.834845091446996701e+00 3.958456097755264746e+00 4.025950719560004387e+00 4.046935804243311452e+00 4.030586260522025732e+00 3.961218574308418727e+00 3.736147893290728383e+00 3.736147893290728383e+00 3.961218574308418727e+00 4.030586260522025732e+00 4.046935804243311452e+00 4.025950719560004387e+00 3.958456097755264746e+00 3.834845091446997145e+00 3.614821492332790154e+00 3.222298875225990233e+00 1.200486765458974148e+00
1.354059784412336764e+00 3.375871894179352850e+00 3.768394511286152770e+00 3.988418110400359318e+00 4.112029116708627363e+00 4.179523738513367448e+00 4.200508823196674513e+00 4.184159279475387905e+00 4.114791593261781344e+00 3.889720912244091000e+00 3.889720912244091000e+00 4.114791593261781344e+00 4.184159279475387905e+00 4.200508823196674513e+00 4.179523738513367448e+00 4.112029116708627363e+00 3.988418110400359762e+00 3.768394511286152770e+00 3.375871894179352850e+00 1.354059784412336764e+00
1.487491531259506505e+00 3.509303641026522591e+00 3.901826258133322511e+00 4.121849857247529059e+00 4.245460863555797104e+00 4.312955485360537189e+00 4.333940570043844254e+00 4.317591026322558534e+00 4.248223340108951085e+00 4.023152659091261185e+00 4.023152659091261185e+00 4.248223340108951085e+00 4.317591026322558534e+00 4.333940570043843366e+00 4.312955485360537189e+00 4.245460863555797104e+00 4.121849857247529059e+00 3.901826258133322511e+00 3.509303641026522591e+00 1.487491531259506505e+00
1.610877925164024393e+00 3.632690034931040479e+00 4.025212652037840400e+00 4.245236251152046947e+00 4.368847257460314992e+00 4.436341879265055077e+00 4.457326963948362142e+00 4.440977420227076422e+00 4.371609734013468973e+00 4.146539052995779073e+00 4.146539052995779073e+00 4.371609734013468973e+00 4.440977420227076422e+00 4.457326963948361254e+00 4.436341879265055077e+00 4.368847257460314992e+00 4.245236251152046947e+00 4.025212652037840400e+00 3.632690034931040479e+00 1.610877925164024393e+00
1.795665646887418365e+00 3.817477756654434451e+00 4.210000373761234371e+00 4.430023972875440919e+00 4.553634979183708964e+00 4.621129600988449049e+00 4.642114685671756114e+00 4.625765141950470394e+00 4.556397455736862945e+00 4.331326774719173045e+00 4.331326774719173045e+00 4.556397455736862945e+00 4.625765141950470394e+00 4.642114685671755225e+00 4.621129600988449049e+00 4.553634979183708964e+00 4.430023972875440919e+00 4.210000373761234371e+00 3.817477756654434451e+00 1.795665646887418365e+00
