-5.226402777839989078e+00 -2.768569960739915015e+00 -2.515678728320792423e+00 -2.515074334688324420e+00 -2.435657422216162438e+00 -2.149793471280397661e+00 -1.748685007512204237e+00 -1.287558861167549029e+00 -8.492315948809423531e-01 -4.013047579996524838e-01 8.584884885725596604e-02 4.778225950473289352e-01 8.169763132210983159e-01 1.122508563196033204e+00 1.414303797335318968e+00 1.689466974797475540e+00 1.975826191079916416e+00 2.261334734230588506e+00 2.626327315590722744e+00 3.325456567828215970e+00
-2.719369632943448689e+00 -2.615368158433746260e-01 -8.645583424252034632e-03 -8.041189791784031371e-03 7.137572268037795098e-02 3.572396736161427278e-01 7.583481373843361517e-01 1.219474283728991360e+00 1.657801550015598036e+00 2.105728386896887905e+00 2.592881993753796355e+00 2.984855739943869324e+00 3.324009458117638705e+00 3.629541708092573593e+00 3.921336942231859357e+00 4.196500119694015929e+00 4.482859335976456805e+00 4.768367879127128894e+00 5.133360460487263133e+00 5.832489712724756359e+00
-2.371188110890811718e+00 8.664470620926234545e-02 3.395359386283849368e-01 3.401403322608529400e-01 4.195572447330149224e-01 7.054211956687796992e-01 1.106529659436973123e+00 1.567655805781628331e+00 2.005983072068235007e+00 2.453909908949524876e+00 2.941063515806433326e+00 3.333037261996506295e+00 3.672190980170275676e+00 3.977723230145210565e+00 4.269518464284496773e+00 4.544681641746652900e+00 4.831040858029093776e+00 5.116549401179765866e+00 5.481541982539900104e+00 6.180671234777393330e+00
-2.241485248016240828e+00 2.163475690838332355e-01 4.692388015029558268e-01 4.698431951354238301e-01 5.492601076075858124e-01 8.351240585433505892e-01 1.236232522311544013e+00 1.697358668656199221e+00 2.135685934942805897e+00 2.583612771824095766e+00 3.070766378681004216e+00 3.462740124871077185e+00 3.801893843044846566e+00 4.107426093019781455e+00 4.399221327159066774e+00 4.674384504621223790e+00 4.960743720903664666e+00 5.246252264054336756e+00 5.611244845414470994e+00 6.310374097651964220e+00
-2.241570137915095629e+00 2.162626791849784347e-01 4.691539116041010260e-01 4.697583052365690293e-01 5.491752177087310116e-01 8.350391686444957884e-01 1.236147632412689212e+00 1.697273778757344420e+00 2.135601045043951096e+00 2.583527881925240965e+00 3.070681488782149415e+00 3.462655234972222384e+00 3.801808953145991765e+00 4.107341203120926210e+00 4.399136437260212418e+00 4.674299614722368545e+00 4.960658831004810310e+00 5.246167374155481511e+00 5.611159955515615749e+00 6.310289207753109864e+00
-2.235569356320846968e+00 2.222634607792270955e-01 4.751546931983496869e-01 4.757590868308176901e-01 5.551759993029796725e-01 8.410399502387444493e-01 1.242148414006937873e+00 1.703274560351593081e+00 2.141601826638199757e+00 2.589528663519489626e+00 3.076682270376398076e+00 3.468656016566471045e+00 3.807809734740240426e+00 4.113341984715175315e+00 4.405137218854461523e+00 4.680300396316617650e+00 4.966659612599058526e+00 5.252168155749730616e+00 5.617160737109864854e+00 6.316289989347358080e+00
-2.150602974814164625e+00 3.072298422859094380e-01 5.601210747050320293e-01 5.607254683375000326e-01 6.401423808096620149e-01 9.260063317454267917e-01 1.327114795513620216e+00 1.788240941858275423e+00 2.226568208144882099e+00 2.674495045026171969e+00 3.161648651883080419e+00 3.553622398073153388e+00 3.892776116246922768e+00 4.198308366221857213e+00 4.490103600361143421e+00 4.765266777823299549e+00 5.051625994105741313e+00 5.337134537256412514e+00 5.702127118616546753e+00 6.401256370854040867e+00
-1.951359894929039385e+00 5.064729221710346785e-01 7.593641545901572698e-01 7.599685482226252731e-01 8.393854606947872554e-01 1.125249411630552032e+00 1.526357875398745456e+00 1.987484021743400664e+00 2.425811288030007340e+00 2.873738124911297209e+00 3.360891731768205659e+00 3.752865477958278628e+00 4.092019196132048009e+00 4.397551446106982453e+00 4.689346680246268662e+00 4.964509857708424789e+00 5.250869073990866553e+00 5.536377617141537755e+00 5.901370198501671993e+00 6.600499450739166107e+00
-1.750205427850080042e+00 7.076273892499940210e-01 9.605186216691166123e-01 9.611230153015846156e-01 1.040539927773746598e+00 1.326403878709511375e+00 1.727512342477704799e+00 2.188638488822360006e+00 2.626965755108966682e+00 3.074892591990256552e+00 3.562046198847165002e+00 3.954019945037237971e+00 4.293173663211007351e+00 4.598705913185941796e+00 4.890501147325228004e+00 5.165664324787384132e+00 5.452023541069825896e+00 5.737532084220497097e+00 6.102524665580631336e+00 6.801653917818125450e+00
-1.557806519707646720e+00 9.000262973924273435e-01 1.152917529811549935e+00 1.153521923444017938e+00 1.232938835916179920e+00 1.518802786851944697e+00 1.919911250620138121e+00 2.381037396964793551e+00 2.819364663251399783e+00 3.267291500132690096e+00 3.754445106989598102e+00 4.146418853179671515e+00 4.485572571353440452e+00 4.791104821328375785e+00 5.082900055467661105e+00 5.358063232929818120e+00 5.644422449212258996e+00 5.929930992362931086e+00 6.294923573723065324e+00 6.994052825960558550e+00
-1.192754588496611312e+00 1.265078228603462751e+00 1.517969461022585342e+00 1.518573854655053346e+00 1.597990767127215328e+00 1.883854718062980105e+00 2.284963181831173529e+00 2.746089328175828737e+00 3.184416594462435413e+00 3.632343431343725282e+00 4.119497038200633732e+00 4.511470784390706257e+00 4.850624502564476082e+00 5.156156752539411414e+00 5.447951986678696734e+00 5.723115164140853750e+00 6.009474380423293738e+00 6.294982923573966715e+00 6.659975504934100954e+00 7.359104757171593292e+00
-8.965844857831619663e-01 1.561248331316912097e+00 1.814139563736034688e+00 1.814743957368502691e+00 1.894160869840664674e+00 2.180024820776429451e+00 2.581133284544622875e+00 3.042259430889278082e+00 3.480586697175884758e+00 3.928513534057174628e+00 4.415667140914083078e+00 4.807640887104156491e+00 5.146794605277925427e+00 5.452326855252859872e+00 5.744122089392146080e+00 6.019285266854302208e+00 6.305644483136743972e+00 6.591153026287415173e+00 6.956145607647549411e+00 7.655274859885043526e+00
-6.774886160378306155e-01 1.780344201062243448e+00 2.033235433481365817e+00 2.033839827113833820e+00 2.113256739585995803e+00 2.399120690521760579e+00 2.800229154289954003e+00 3.261355300634609655e+00 3.699682566921215887e+00 4.147609403802506201e+00 4.634763010659414206e+00 5.026736756849487620e+00 5.365890475023256556e+00 5.671422724998191889e+00 5.963217959137477209e+00 6.238381136599634225e+00 6.524740352882075101e+00 6.810248896032747190e+00 7.175241477392881428e+00 7.874370729630374655e+00
-5.006466087799386067e-01 1.957186208320135457e+00 2.210077440739258048e+00 2.210681834371726051e+00 2.290098746843888033e+00 2.575962697779652810e+00 2.977071161547846234e+00 3.438197307892501442e+00 3.876524574179108118e+00 4.324451411060397987e+00 4.811605017917306881e+00 5.203578764107379406e+00 5.542732482281149231e+00 5.848264732256083676e+00 6.140059966395369884e+00 6.415223143857526011e+00 6.701582360139966887e+00 6.987090903290638977e+00 7.352083484650773215e+00 8.051212736888267330e+00
-3.591845824407644550e-01 2.098648234659309608e+00 2.351539467078432200e+00 2.352143860710900203e+00 2.431560773183062185e+00 2.717424724118826962e+00 3.118533187887020386e+00 3.579659334231675594e+00 4.017986600518282714e+00 4.465913437399572139e+00 4.953067044256480145e+00 5.345040790446553558e+00 5.684194508620322495e+00 5.989726758595257827e+00 6.281521992734543147e+00 6.556685170196700163e+00 6.843044386479141039e+00 7.128552929629813129e+00 7.493545510989947367e+00 8.192674763227440593e+00
-2.435304629244545715e-01 2.214302354175619492e+00 2.467193586594742083e+00 2.467797980227210086e+00 2.547214892699372069e+00 2.833078843635136845e+00 3.234187307403330269e+00 3.695313453747985477e+00 4.133640720034591709e+00 4.581567556915882022e+00 5.068721163772790916e+00 5.460694909962863441e+00 5.799848628136633266e+00 6.105380878111567711e+00 6.397176112250853919e+00 6.672339289713010047e+00 6.958698505995450923e+00 7.244207049146123012e+00 7.609199630506257250e+00 8.308328882743751365e+00
-1.509935136416111767e-01 2.306839303458462886e+00 2.559730535877585478e+00 2.560334929510053481e+00 2.639751841982215463e+00 2.925615792917980240e+00 3.326724256686173664e+00 3.787850403030828872e+00 4.226177669317435104e+00 4.674104506198725417e+00 5.161258113055634311e+00 5.553231859245706836e+00 5.892385577419476661e+00 6.197917827394411106e+00 6.489713061533697314e+00 6.764876238995853441e+00 7.051235455278294317e+00 7.336743998428966407e+00 7.701736579789100645e+00 8.400865832026592983e+00
-9.824894104315440302e-02 2.359583876056919660e+00 2.612475108476042251e+00 2.613079502108510255e+00 2.692496414580672237e+00 2.978360365516437014e+00 3.379468829284630438e+00 3.840594975629285646e+00 4.278922241915892322e+00 4.726849078797181747e+00 5.214002685654090641e+00 5.605976431844164054e+00 5.945130150017932991e+00 6.250662399992867435e+00 6.542457634132153643e+00 6.817620811594309771e+00 7.103980027876751535e+00 7.389488571027422736e+00 7.754481152387556975e+00 8.453610404625051089e+00
-9.383319143203028290e-02 2.363999625668043780e+00 2.616890858087166372e+00 2.617495251719634375e+00 2.696912164191796357e+00 2.982776115127561134e+00 3.383884578895754558e+00 3.845010725240409766e+00 4.283337991527016442e+00 4.731264828408306755e+00 5.218418435265214761e+00 5.610392181455287286e+00 5.949545899629057111e+00 6.255078149603992443e+00 6.546873383743277763e+00 6.822036561205434779e+00 7.108395777487874767e+00 7.393904320638547745e+00 7.758896901998681983e+00 8.458026154236174321e+00
-2.100291116091965726e-01 2.247803705490877491e+00 2.500694937910000082e+00 2.501299331542468085e+00 2.580716244014630067e+00 2.866580194950394844e+00 3.267688658718588268e+00 3.728814805063243476e+00 4.167142071349850596e+00 4.615068908231140021e+00 5.102222515088048027e+00 5.494196261278121440e+00 5.833349979451890377e+00 6.138882229426825710e+00 6.430677463566111030e+00 6.705840641028268045e+00 6.992199857310708921e+00 7.277708400461381011e+00 7.642700981821515249e+00 8.341830234059008475e+00
