-5.243027191327846559e+00 -2.785194374227772496e+00 -2.532303141808649904e+00 -2.531698748176181901e+00 -2.452281835704019919e+00 -2.166417884768255142e+00 -1.765309421000061718e+00 -1.304183274655406510e+00 -8.658560083687998343e-01 -4.179291714875099650e-01 6.922443536939848485e-02 4.611981815594714540e-01 8.003518997332408347e-01 1.105884149708175723e+00 1.397679383847461487e+00 1.672842561309618059e+00 1.959201777592058935e+00 2.244710320742731025e+00 2.609702902102865263e+00 3.308832154340358489e+00
-2.741523386271666141e+00 -2.836905691715920774e-01 -3.079933675246948610e-02 -3.019494312000148284e-02 4.922196935216049951e-02 3.350859202879252763e-01 7.361943840561187002e-01 1.197320530400773908e+00 1.635647796687380584e+00 2.083574633568670453e+00 2.570728240425578903e+00 2.962701986615651872e+00 3.301855704789421253e+00 3.607387954764356142e+00 3.899183188903641906e+00 4.174346366365798033e+00 4.460705582648239798e+00 4.746214125798910999e+00 5.111206707159045237e+00 5.810335959396539351e+00
-2.406465880808603686e+00 5.136693629147037754e-02 3.042581687105929689e-01 3.048625623430609721e-01 3.842794748152229545e-01 6.701434257509877312e-01 1.071251889519181155e+00 1.532378035863836363e+00 1.970705302150443039e+00 2.418632139031732908e+00 2.905785745888641358e+00 3.297759492078714327e+00 3.636913210252483708e+00 3.942445460227418597e+00 4.234240694366704361e+00 4.509403871828860488e+00 4.795763088111302253e+00 5.081271631261973454e+00 5.446264212622107692e+00 6.145393464859601806e+00
-2.301589568144135178e+00 1.562432489559388848e-01 4.091344813750614762e-01 4.097388750075294794e-01 4.891557874796914618e-01 7.750197384154562386e-01 1.176128202183649663e+00 1.637254348528304870e+00 2.075581614814911546e+00 2.523508451696201416e+00 3.010662058553109865e+00 3.402635804743182835e+00 3.741789522916952215e+00 4.047321772891887548e+00 4.339117007031172868e+00 4.614280184493329884e+00 4.900639400775769872e+00 5.186147943926442849e+00 5.551140525286577088e+00 6.250269777524069426e+00
-2.313577925668678148e+00 1.442548914313959152e-01 3.971461238505185065e-01 3.977505174829865098e-01 4.771674299551484921e-01 7.630313808909132689e-01 1.164139844659106693e+00 1.625265991003761901e+00 2.063593257290368577e+00 2.511520094171658446e+00 2.998673701028566896e+00 3.390647447218639865e+00 3.729801165392409246e+00 4.035333415367343690e+00 4.327128649506629898e+00 4.602291826968786026e+00 4.888651043251227790e+00 5.174159586401898991e+00 5.539152167762033230e+00 6.238281419999527344e+00
-2.274194465124113052e+00 1.836383519759610117e-01 4.365295843950836030e-01 4.371339780275516063e-01 5.165508904997135886e-01 8.024148414354783654e-01 1.203523305203671789e+00 1.664649451548326997e+00 2.102976717834933673e+00 2.550903554716223542e+00 3.038057161573131992e+00 3.430030907763204961e+00 3.769184625936974342e+00 4.074716875911908787e+00 4.366512110051194995e+00 4.641675287513351122e+00 4.928034503795792887e+00 5.213543046946464088e+00 5.578535628306598326e+00 6.277664880544092441e+00
-2.141489356456522941e+00 3.163434606435511220e-01 5.692346930626737134e-01 5.698390866951417166e-01 6.492559991673036990e-01 9.351199501030684758e-01 1.336228413871261900e+00 1.797354560215917108e+00 2.235681826502523784e+00 2.683608663383813653e+00 3.170762270240722103e+00 3.562736016430795072e+00 3.901889734604564453e+00 4.207421984579498897e+00 4.499217218718785105e+00 4.774380396180941233e+00 5.060739612463382997e+00 5.346248155614054198e+00 5.711240736974188437e+00 6.410369989211682551e+00
-1.895964973768376804e+00 5.618678433316972587e-01 8.147590757508198500e-01 8.153634693832878533e-01 8.947803818554498356e-01 1.180644332791214612e+00 1.581752796559408036e+00 2.042878942904063244e+00 2.481206209190669920e+00 2.929133046071959789e+00 3.416286652928868239e+00 3.808260399118941208e+00 4.147414117292710145e+00 4.452946367267645478e+00 4.744741601406930798e+00 5.019904778869087814e+00 5.306263995151528690e+00 5.591772538302200779e+00 5.956765119662335017e+00 6.655894371899828243e+00
-1.651235378330735415e+00 8.065974387693386483e-01 1.059488671188461240e+00 1.060093064820929243e+00 1.139509977293091225e+00 1.425373928228856002e+00 1.826482391997049426e+00 2.287608538341704634e+00 2.725935804628311310e+00 3.173862641509601179e+00 3.661016248366509629e+00 4.052989994556583042e+00 4.392143712730351979e+00 4.697675962705286423e+00 4.989471196844572631e+00 5.264634374306728759e+00 5.550993590589170523e+00 5.836502133739841724e+00 6.201494715099975963e+00 6.900623967337470077e+00
-1.410281530781687831e+00 1.047551286318386232e+00 1.300442518737508824e+00 1.301046912369976827e+00 1.380463824842138809e+00 1.666327775777903586e+00 2.067436239546097010e+00 2.528562385890752218e+00 2.966889652177358894e+00 3.414816489058648763e+00 3.901970095915557213e+00 4.293943842105630182e+00 4.633097560279399119e+00 4.938629810254334451e+00 5.230425044393619771e+00 5.505588221855776787e+00 5.791947438138217663e+00 6.077455981288889753e+00 6.442448562649023991e+00 7.141577814886517217e+00
-1.019338164405847236e+00 1.438494652694226827e+00 1.691385885113349419e+00 1.691990278745817422e+00 1.771407191217979404e+00 2.057271142153743959e+00 2.458379605921937383e+00 2.919505752266593035e+00 3.357833018553199267e+00 3.805759855434489580e+00 4.292913462291397586e+00 4.684887208481470999e+00 5.024040926655239936e+00 5.329573176630175269e+00 5.621368410769460588e+00 5.896531588231617604e+00 6.182890804514058480e+00 6.468399347664730570e+00 6.833391929024864808e+00 7.532521181262358034e+00
-7.076815093359567488e-01 1.750151307764117314e+00 2.003042540183240128e+00 2.003646933815708131e+00 2.083063846287870113e+00 2.368927797223634890e+00 2.770036260991828314e+00 3.231162407336483078e+00 3.669489673623090198e+00 4.117416510504379623e+00 4.604570117361288517e+00 4.996543863551361042e+00 5.335697581725130867e+00 5.641229831700065311e+00 5.933025065839351520e+00 6.208188243301507647e+00 6.494547459583948523e+00 6.780056002734620613e+00 7.145048584094754851e+00 7.844177836332248077e+00
-4.723227987185807386e-01 1.985510018381493325e+00 2.238401250800615916e+00 2.239005644433083919e+00 2.318422556905245902e+00 2.604286507841010678e+00 3.005394971609204102e+00 3.466521117953859310e+00 3.904848384240465986e+00 4.352775221121755855e+00 4.839928827978663861e+00 5.231902574168737274e+00 5.571056292342506211e+00 5.876588542317441544e+00 6.168383776456726864e+00 6.443546953918883879e+00 6.729906170201324755e+00 7.015414713351996845e+00 7.380407294712131083e+00 8.079536546949624309e+00
-2.717654167044845082e-01 2.186067400395589555e+00 2.438958632814712146e+00 2.439563026447180150e+00 2.518979938919342132e+00 2.804843889855106909e+00 3.205952353623300333e+00 3.667078499967955540e+00 4.105405766254562216e+00 4.553332603135851642e+00 5.040486209992760536e+00 5.432459956182833949e+00 5.771613674356602885e+00 6.077145924331537330e+00 6.368941158470823538e+00 6.644104335932979666e+00 6.930463552215421430e+00 7.215972095366092631e+00 7.580964676726226870e+00 8.280093928963720984e+00
-1.043627247513470024e-01 2.353470092348727061e+00 2.606361324767849652e+00 2.606965718400317655e+00 2.686382630872479638e+00 2.972246581808244414e+00 3.373355045576437838e+00 3.834481191921093046e+00 4.272808458207699722e+00 4.720735295088989147e+00 5.207888901945898041e+00 5.599862648135971455e+00 5.939016366309740391e+00 6.244548616284674836e+00 6.536343850423961044e+00 6.811507027886117172e+00 7.097866244168558936e+00 7.383374787319230137e+00 7.748367368679364375e+00 8.447496620916858490e+00
4.166155148337358227e-02 2.499494368583447645e+00 2.752385601002570237e+00 2.752989994635038240e+00 2.832406907107200222e+00 3.118270858042964999e+00 3.519379321811158423e+00 3.980505468155813631e+00 4.418832734442419863e+00 4.866759571323710176e+00 5.353913178180619070e+00 5.745886924370691595e+00 6.085040642544461420e+00 6.390572892519395864e+00 6.682368126658682073e+00 6.957531304120838200e+00 7.243890520403279076e+00 7.529399063553951166e+00 7.894391644914085404e+00 8.593520897151577742e+00
1.652859105981385746e-01 2.623118727698212638e+00 2.876009960117335229e+00 2.876614353749803232e+00 2.956031266221965215e+00 3.241895217157729991e+00 3.643003680925923415e+00 4.104129827270578623e+00 4.542457093557185743e+00 4.990383930438475169e+00 5.477537537295383174e+00 5.869511283485456588e+00 6.208665001659225524e+00 6.514197251634160857e+00 6.805992485773446177e+00 7.081155663235603193e+00 7.367514879518044069e+00 7.653023422668716158e+00 8.018016004028851285e+00 8.717145256266343623e+00
2.597671901694025287e-01 2.717600007269476592e+00 2.970491239688599183e+00 2.971095633321067186e+00 3.050512545793229169e+00 3.336376496728993946e+00 3.737484960497187370e+00 4.198611106841842577e+00 4.636938373128449697e+00 5.084865210009739123e+00 5.572018816866647128e+00 5.963992563056720542e+00 6.303146281230489478e+00 6.608678531205424811e+00 6.900473765344710131e+00 7.175636942806867147e+00 7.461996159089308023e+00 7.747504702239980112e+00 8.112497283600113462e+00 8.811626535837607577e+00
3.239065893699248910e-01 2.781739406469998954e+00 3.034630638889121546e+00 3.035235032521589549e+00 3.114651944993751531e+00 3.400515895929516308e+00 3.801624359697709732e+00 4.262750506042364940e+00 4.701077772328972060e+00 5.149004609210261485e+00 5.636158216067169491e+00 6.028131962257242904e+00 6.367285680431011841e+00 6.672817930405947173e+00 6.964613164545232493e+00 7.239776342007389509e+00 7.526135558289830385e+00 7.811644101440502475e+00 8.176636682800637601e+00 8.875765935038129939e+00
3.606678472647404377e-01 2.818500664364814501e+00 3.071391896783937092e+00 3.071996290416405095e+00 3.151413202888567078e+00 3.437277153824331855e+00 3.838385617592525278e+00 4.299511763937180930e+00 4.737839030223787162e+00 5.185765867105077476e+00 5.672919473961985481e+00 6.064893220152058007e+00 6.404046938325827831e+00 6.709579188300763164e+00 7.001374422440048484e+00 7.276537599902205500e+00 7.562896816184645488e+00 7.848405359335318465e+00 8.213397940695452704e+00 8.912527192932945042e+00
