-4.318987452712507391e+00
-1.898115024089481295e+00
-1.372104482420558824e+00
-1.058559229822407133e+00
-7.859419235965496853e-01
-6.330143857654668693e-01
-4.382945528319517337e-01
-3.267155200029012718e-01
-1.924273975224988220e-01
-1.187283861596810652e-01
-4.208531005007998260e-02
6.184561279815348200e-02
1.178618220593250498e-01
1.970655049659715274e-01
2.551992281589381406e-01
2.950394999658634276e-01
3.488929660918422826e-01
3.832322120013245126e-01
4.177045632195550695e-01
4.796725284621974339e-01
5.307070374651114975e-01
5.488307096986684286e-01
5.838445371622693614e-01
6.194633980709021159e-01
6.178014399020881342e-01
6.890267202293411941e-01
6.787374685533054119e-01
7.121157690017065889e-01
7.409959694287655552e-01
7.268219163914020342e-01
7.684158136902388136e-01
7.950214518589575619e-01
8.235775848557098655e-01
8.508745650613800393e-01
8.798004439514457431e-01
9.060371915662868147e-01
9.086991274770896965e-01
9.038243117077566779e-01
9.257246283327722480e-01
9.122594338636140776e-01
9.672435066805658010e-01
9.630131830980870333e-01
9.435049007026670154e-01
9.896307240980428688e-01
1.003698382722532756e+00
1.040011748390394786e+00
1.046619142187475759e+00
1.030934530239278502e+00
1.001746210311441843e+00
1.071923874772475749e+00
1.014997937976465536e+00
1.072447024143548866e+00
1.101111407031115874e+00
1.079799998448807585e+00
1.071400998943569327e+00
1.080854850867295269e+00
1.068269472376122131e+00
1.077693625895393303e+00
1.081910817174499329e+00
1.105428736996697303e+00
1.116851216369727062e+00
1.149659274224037020e+00
1.086676513247513576e+00
1.131731623207866022e+00
1.126194510500408974e+00
1.104888050311451764e+00
1.118493702367230114e+00
1.158745083462587644e+00
1.141776350520681937e+00
1.130621745180504512e+00
1.133398753352256705e+00
1.153056785985952182e+00
1.150790496064125534e+00
1.125642481780897874e+00
1.181243869226096699e+00
1.156465880196725138e+00
1.157035194188759775e+00
1.159315696887484926e+00
1.150790496064125534e+00
1.110308117780791193e+00
1.140095206947377982e+00
1.166188576175247071e+00
1.117945907228908631e+00
1.113574315567412043e+00
1.116304319992956096e+00
1.117398412005815800e+00
1.116851216369727062e+00
1.145710044831706576e+00
1.086676513247513576e+00
1.119041797749545708e+00
1.069312225338177491e+00
1.173109019019821453e+00
1.102188993342286594e+00
1.128405677791593398e+00
1.097348973138285722e+00
1.102728222258021695e+00
1.114665423149746815e+00
1.094135258535189337e+00
1.115211423709311589e+00
1.124539337708740483e+00
1.108679010713998991e+00
1.089333968970357169e+00
1.079272989213948541e+00
1.065147721661937830e+00
1.087207439726669556e+00
1.100573049010038496e+00
1.020447542744030933e+00
1.047129216159259357e+00
1.046109328258514104e+00
1.029429639059857848e+00
1.016481250980200812e+00
1.026926508841739860e+00
1.024429628643152235e+00
1.007123881545560096e+00
1.016976177988571983e+00
1.039505291048599567e+00
1.009086590713408782e+00
9.853048341509200725e-01
9.757582222673404360e-01
9.677146492098938069e-01
9.518190363549345889e-01
1.006143969659211379e+00
9.458074575569472842e-01
9.348032199659339625e-01
9.189693673366470250e-01
9.234678004735092927e-01
9.334361657544008040e-01
9.384578608541316314e-01
9.069237164470429491e-01
8.902126855259178129e-01
9.234678004735092927e-01
8.554973932142084792e-01
9.104776961984928363e-01
8.358930114457638894e-01
8.733474209134390875e-01
8.673619391704017190e-01
8.195059179927666193e-01
8.408619657689504479e-01
8.707778263518086703e-01
7.981985792336292462e-01
8.138332933810312753e-01
7.588095918847992394e-01
7.894856528267055751e-01
7.800664309102138816e-01
7.630249650553624363e-01
7.989944407957327854e-01
7.387445613483079043e-01
6.865333974772900305e-01
7.052053941665361592e-01
7.037566434604052290e-01
6.717026171703217585e-01
6.633256048322744292e-01
7.190742296005758760e-01
6.158107292247603226e-01
6.362366863157298269e-01
6.171374292535212192e-01
6.342089735560776376e-01
5.919025984920303074e-01
5.860942568962848043e-01
5.803194574023997632e-01
5.541143272739645909e-01
5.482109389939822108e-01
5.162008900760817198e-01
5.042711333221721048e-01
4.590591447085525800e-01
4.718926304114283710e-01
4.283647707716617958e-01
4.330473299404626886e-01
4.300149361626193212e-01
3.959207248196445761e-01
3.991181695901353521e-01
3.583282012032071862e-01
3.243241695110388179e-01
3.100628016644790819e-01
2.854654680032435721e-01
2.830862139662766452e-01
2.614586667021683297e-01
2.117829589725417350e-01
1.842823171358833889e-01
1.763483203329663240e-01
1.860060839923605158e-01
1.070422414574547787e-01
1.263587374328203339e-01
6.949383363640926348e-02
6.968579063862989642e-02
2.390777345776129437e-02
1.243400196388577683e-03
-3.726685295591103397e-02
-7.434889724585325155e-02
-1.035073921493268045e-01
-1.621356827484419227e-01
-1.787448521197774198e-01
-2.383295239010951860e-01
-2.684853558009780983e-01
-3.479276621355946730e-01
-4.001498459983849898e-01
-4.725849242137556416e-01
-5.604702727154808883e-01
-7.021593658582556685e-01
-9.759714045730927268e-01
-9.759714045730927268e-01
-7.021593658582556685e-01
-5.604702727154808883e-01
-4.725849242137556416e-01
-4.001498459983849898e-01
-3.479276621355946730e-01
-2.684853558009780983e-01
-2.383295239010951860e-01
-1.787448521197774198e-01
-1.621356827484419227e-01
-1.035073921493268045e-01
-7.434889724585325155e-02
-3.726685295591103397e-02
1.243400196388577683e-03
2.390777345776129437e-02
6.968579063862989642e-02
6.949383363640926348e-02
1.263587374328203339e-01
1.070422414574547787e-01
1.860060839923605158e-01
1.763483203329663240e-01
1.842823171358833889e-01
2.117829589725417350e-01
2.614586667021683297e-01
2.830862139662766452e-01
2.854654680032435721e-01
3.100628016644790819e-01
3.243241695110388179e-01
3.583282012032071862e-01
3.991181695901353521e-01
3.959207248196445761e-01
4.300149361626193212e-01
4.330473299404626886e-01
4.283647707716617958e-01
4.718926304114283710e-01
4.590591447085525800e-01
5.042711333221721048e-01
5.162008900760817198e-01
5.482109389939822108e-01
5.541143272739645909e-01
5.803194574023997632e-01
5.860942568962848043e-01
5.919025984920303074e-01
6.342089735560776376e-01
6.171374292535212192e-01
6.362366863157298269e-01
6.158107292247603226e-01
7.190742296005758760e-01
6.633256048322744292e-01
6.717026171703217585e-01
7.037566434604052290e-01
7.052053941665361592e-01
6.865333974772900305e-01
7.387445613483079043e-01
7.989944407957327854e-01
7.630249650553624363e-01
7.800664309102138816e-01
7.894856528267055751e-01
7.588095918847992394e-01
8.138332933810312753e-01
7.981985792336292462e-01
8.707778263518086703e-01
8.408619657689504479e-01
8.195059179927666193e-01
8.673619391704017190e-01
8.733474209134390875e-01
8.358930114457638894e-01
9.104776961984928363e-01
8.554973932142084792e-01
9.234678004735092927e-01
8.902126855259178129e-01
9.069237164470429491e-01
9.384578608541316314e-01
9.334361657544008040e-01
9.234678004735092927e-01
9.189693673366470250e-01
9.348032199659339625e-01
9.458074575569472842e-01
1.006143969659211379e+00
9.518190363549345889e-01
9.677146492098938069e-01
9.757582222673404360e-01
9.853048341509200725e-01
1.009086590713408782e+00
1.039505291048599567e+00
1.016976177988571983e+00
1.007123881545560096e+00
1.024429628643152235e+00
1.026926508841739860e+00
1.016481250980200812e+00
1.029429639059857848e+00
1.046109328258514104e+00
1.047129216159259357e+00
1.020447542744030933e+00
1.100573049010038496e+00
1.087207439726669556e+00
1.065147721661937830e+00
1.079272989213948541e+00
1.089333968970357169e+00
1.108679010713998991e+00
1.124539337708740483e+00
1.115211423709311589e+00
1.094135258535189337e+00
1.114665423149746815e+00
1.102728222258021695e+00
1.097348973138285722e+00
1.128405677791593398e+00
1.102188993342286594e+00
1.173109019019821453e+00
1.069312225338177491e+00
1.119041797749545708e+00
1.086676513247513576e+00
1.145710044831706576e+00
1.116851216369727062e+00
1.117398412005815800e+00
1.116304319992956096e+00
1.113574315567412043e+00
1.117945907228908631e+00
1.166188576175247071e+00
1.140095206947377982e+00
1.110308117780791193e+00
1.150790496064125534e+00
1.159315696887484926e+00
1.157035194188759775e+00
1.156465880196725138e+00
1.181243869226096699e+00
1.125642481780897874e+00
1.150790496064125534e+00
1.153056785985952182e+00
1.133398753352256705e+00
1.130621745180504512e+00
1.141776350520681937e+00
1.158745083462587644e+00
1.118493702367230114e+00
1.104888050311451764e+00
1.126194510500408974e+00
1.131731623207866022e+00
1.086676513247513576e+00
1.149659274224037020e+00
1.116851216369727062e+00
1.105428736996697303e+00
1.081910817174499329e+00
1.077693625895393303e+00
1.068269472376122131e+00
1.080854850867295269e+00
1.071400998943569327e+00
1.079799998448807585e+00
1.101111407031115874e+00
1.072447024143548866e+00
1.014997937976465536e+00
1.071923874772475749e+00
1.001746210311441843e+00
1.030934530239278502e+00
1.046619142187475759e+00
1.040011748390394786e+00
1.003698382722532756e+00
9.896307240980428688e-01
9.435049007026670154e-01
9.630131830980870333e-01
9.672435066805658010e-01
9.122594338636140776e-01
9.257246283327722480e-01
9.038243117077566779e-01
9.086991274770896965e-01
9.060371915662868147e-01
8.798004439514457431e-01
8.508745650613800393e-01
8.235775848557098655e-01
7.950214518589575619e-01
7.684158136902388136e-01
7.268219163914020342e-01
7.409959694287655552e-01
7.121157690017065889e-01
6.787374685533054119e-01
6.890267202293411941e-01
6.178014399020881342e-01
6.194633980709021159e-01
5.838445371622693614e-01
5.488307096986684286e-01
5.307070374651114975e-01
4.796725284621974339e-01
4.177045632195550695e-01
3.832322120013245126e-01
3.488929660918422826e-01
2.950394999658634276e-01
2.551992281589381406e-01
1.970655049659715274e-01
1.178618220593250498e-01
6.184561279815348200e-02
-4.208531005007998260e-02
-1.187283861596810652e-01
-1.924273975224988220e-01
-3.267155200029012718e-01
-4.382945528319517337e-01
-6.330143857654668693e-01
-7.859419235965496853e-01
-1.058559229822407133e+00
-1.372104482420558824e+00
-1.898115024089481295e+00
-4.318987452712507391e+00
